1.310000000000e-07
1.093504290000e-01
2.072803340000e-01
3.093808070000e-01
4.105075740000e-01
5.100350320000e-01
6.090797260000e-01
7.093890030000e-01
8.091296200000e-01
9.116871440000e-01
1.009195451000e+00
1.110501990000e+00
1.211653574000e+00
1.308018716000e+00
1.409728017000e+00
1.498599067000e+00
1.606655658000e+00
1.709323530000e+00
1.808078229000e+00
1.908578953000e+00
2.007880785000e+00
2.107759166000e+00
2.210576646000e+00
2.309819434000e+00
2.407664566000e+00
2.508553566000e+00
2.607912572000e+00
2.708620780000e+00
2.811269401000e+00
2.907987457000e+00
3.008561226000e+00
3.108846442000e+00
3.208588974000e+00
3.308627113000e+00
3.412971717000e+00
3.509301783000e+00
3.609472122000e+00
3.708419606000e+00
3.810865173000e+00
3.908527160000e+00
4.000003391000e+00
4.108190603000e+00
4.209522724000e+00
4.308326428000e+00
4.408470640000e+00
4.508948634000e+00
4.610695762000e+00
4.707607249000e+00
4.809699020000e+00
4.908341447000e+00
5.009141991000e+00
5.109244026000e+00
5.207497125000e+00
5.307812010000e+00
5.410226527000e+00
5.509945464000e+00
5.611910886000e+00
5.712038113000e+00
5.810964338000e+00
5.910722935000e+00
6.011402244000e+00
6.108981930000e+00
6.209233803000e+00
6.310520089000e+00
6.409985643000e+00
6.512570622000e+00
6.610766903000e+00
6.708074113000e+00
6.812023707000e+00
6.908955176000e+00
7.011063558000e+00
7.109865602000e+00
7.211678522000e+00
7.307529536000e+00
7.410033362000e+00
7.509943752000e+00
7.610097011000e+00
7.711020393000e+00
7.810050856000e+00
7.908599394000e+00
8.007909034000e+00
8.110489693000e+00
8.208325562000e+00
8.310676610000e+00
8.412139635000e+00
8.511370411000e+00
8.610407438000e+00
8.710246794000e+00
8.811257908000e+00
8.911846151000e+00
9.010070619000e+00
9.111926397000e+00
9.208444984000e+00
9.310393747000e+00
9.409242374000e+00
9.508931940000e+00
9.610278433000e+00
9.708689683000e+00
9.809156971000e+00
9.910920600000e+00
1.000850051800e+01
1.010996262900e+01
1.020852616700e+01
1.030906106100e+01
1.040786524800e+01
1.050940650600e+01
1.060875609400e+01
1.070909631300e+01
1.081137802500e+01
1.091025638200e+01
1.100828184100e+01
1.111112198400e+01
1.120966454300e+01
1.131271282600e+01
1.141329276700e+01
1.151396214200e+01
1.161225916000e+01
1.170957092200e+01
1.180104078100e+01
1.190826349000e+01
1.201040666700e+01
1.211191843500e+01
1.221029333900e+01
1.230900789600e+01
1.241189677800e+01
1.251319946700e+01
1.261153987800e+01
1.271101125600e+01
1.280964235000e+01
1.291174874600e+01
1.301289478900e+01
1.310965550300e+01
1.321147931200e+01
1.331231987100e+01
1.340089276700e+01
1.351075166100e+01
1.361056500900e+01
1.370886776800e+01
1.381017604100e+01
1.390992822000e+01
1.400777037800e+01
1.410964521000e+01
1.420965163600e+01
1.430997520800e+01
1.439997020100e+01
1.450915381100e+01
1.460949268000e+01
1.471015306000e+01
1.481124157600e+01
1.490926356500e+01
1.501019621000e+01
1.511186845200e+01
1.521032923000e+01
1.531025769600e+01
1.541047998400e+01
1.550878557300e+01
1.561062793700e+01
1.571083056400e+01
1.581110755700e+01
1.591032361000e+01
1.601137266200e+01
1.611271602500e+01
1.621050129600e+01
1.631095754500e+01
1.641145650700e+01
1.651099012500e+01
1.661077876500e+01
1.671069966500e+01
1.681006595600e+01
1.691114305200e+01
1.700864974300e+01
1.710977948600e+01
1.720925178200e+01
1.731173532000e+01
1.740919437200e+01
1.751135453000e+01
1.761023000500e+01
1.771036737600e+01
1.780994528900e+01
1.791066057100e+01
1.800989127800e+01
1.811065139800e+01
1.820932123400e+01
1.831020553900e+01
1.841062149800e+01
1.850919175500e+01
1.861215973300e+01
1.870986835300e+01
1.881006318800e+01
1.891024976300e+01
1.900899705700e+01
1.911013916900e+01
1.920932047100e+01
1.930904074300e+01
1.940949940100e+01
1.950998895800e+01
1.961117012800e+01
1.970766106800e+01
1.980822593900e+01
1.991108972500e+01
2.000833585100e+01
2.010908689200e+01
2.021235003500e+01
2.031182694600e+01
2.041007218000e+01
2.051029576500e+01
2.061005215500e+01
2.071207810200e+01
2.081101629400e+01
2.091300777600e+01
2.101115174600e+01
2.111020617000e+01
2.121039220500e+01
2.131107554100e+01
2.141188729700e+01
2.151148826500e+01
2.160301754700e+01
2.171187995500e+01
2.180948495800e+01
2.191073520900e+01
2.201145627400e+01
2.211012879300e+01
2.221072029700e+01
2.231156394700e+01
2.241119472300e+01
2.250906049900e+01
2.261110913700e+01
2.270820746200e+01
2.280942746000e+01
2.291111051100e+01
2.301326777500e+01
2.311146582000e+01
2.321144437500e+01
2.331229542800e+01
2.341039296300e+01
2.350122882300e+01
2.361510870500e+01
2.370907605400e+01
2.380988432800e+01
2.391413462100e+01
2.401151726400e+01
2.411268292800e+01
2.421421031900e+01
2.430924769300e+01
2.441103100200e+01
2.451063007900e+01
2.460099130400e+01
2.471188634800e+01
2.481052560200e+01
2.490819548100e+01
2.500970064800e+01
2.511060590000e+01
2.521069871800e+01
2.530939387900e+01
2.541063070100e+01
2.551040433000e+01
2.559996630600e+01
2.571214240200e+01
2.581106570300e+01
2.591004186100e+01
2.600982877200e+01
2.611270457100e+01
2.620959670700e+01
2.630881273000e+01
2.641359960000e+01
2.650895927800e+01
2.660208119200e+01
2.670986545500e+01
2.680878610900e+01
2.691027726200e+01
2.701182882800e+01
2.710274137400e+01
2.719974224400e+01
2.730940760300e+01
2.741017243600e+01
2.751295683300e+01
2.761306818800e+01
2.771058985700e+01
2.780124665200e+01
2.790889824000e+01
2.801181152700e+01
2.811274180400e+01
2.821490587400e+01
2.830934632300e+01
2.840831603100e+01
2.851062104000e+01
2.861084080000e+01
2.871042244500e+01
2.881272351100e+01
2.891399390000e+01
2.901306559500e+01
2.911142853600e+01
2.921141918500e+01
2.930896235900e+01
2.941357719100e+01
2.951147989100e+01
2.961369730600e+01
2.971620833000e+01
2.981506028400e+01
2.991336164200e+01
3.001797154700e+01
3.011345809000e+01
3.021325999000e+01
3.031549033600e+01
3.041456881200e+01
3.051385158800e+01
3.061377425900e+01
3.071417478800e+01
3.081268738200e+01
3.091202983100e+01
3.101071071600e+01
3.111732235300e+01
3.121347068900e+01
3.131332660700e+01
3.141308381300e+01
3.151425152800e+01
3.161370923100e+01
3.171495462500e+01
3.181390237200e+01
3.190545431100e+01
3.201447000300e+01
3.211337831700e+01
3.221307507100e+01
3.231273857300e+01
3.241513803500e+01
3.251510151900e+01
3.261315994700e+01
3.271421733600e+01
3.281345835100e+01
3.291415735500e+01
3.301406182900e+01
3.311422059600e+01
3.321316910700e+01
3.331265859900e+01
3.341069666700e+01
3.351340097300e+01
3.361466074700e+01
3.371355176200e+01
3.381477555700e+01
3.390148638200e+01
3.401287689800e+01
3.411493509200e+01
3.421136276900e+01
3.431165772100e+01
3.441669800000e+01
3.451425661700e+01
3.461177947300e+01
3.471790972200e+01
3.481689659000e+01
3.491335714900e+01
3.501402272900e+01
3.511299827100e+01
3.521261129900e+01
3.531131306300e+01
3.541689516200e+01
3.551490057500e+01
3.561424006700e+01
3.571477756700e+01
3.581384355800e+01
3.591510434100e+01
3.600383256800e+01
3.611770997000e+01
3.622035088500e+01
3.631348079400e+01
3.641468894500e+01
3.651488312000e+01
3.661482755800e+01
3.671504412000e+01
3.681483301300e+01
3.690484600100e+01
3.701594797500e+01
3.710850206900e+01
3.721527820800e+01
3.731447448500e+01
3.741654908400e+01
3.751520896700e+01
3.761604027500e+01
3.771730310400e+01
3.781590363900e+01
3.791473674300e+01
3.801578760200e+01
3.811439042000e+01
3.821509089700e+01
3.831632812800e+01
3.841553704400e+01
3.851539095500e+01
3.861522606000e+01
3.871517542100e+01
3.881385740300e+01
3.892071460800e+01
3.901626988100e+01
3.910471861200e+01
3.921672375200e+01
3.931649225700e+01
3.941639049800e+01
3.951674639400e+01
3.961615184100e+01
3.971522023600e+01
3.981808244000e+01
3.991533167600e+01
4.000542689100e+01
4.011485642200e+01
4.021494937900e+01
4.030718347100e+01
4.041685815800e+01
4.052115332900e+01
4.061735239700e+01
4.071697560600e+01
4.081704206500e+01
4.091718218800e+01
4.101806050500e+01
4.111708762200e+01
4.120759516400e+01
4.130473714100e+01
4.140597555300e+01
4.151620994000e+01
4.160467411200e+01
4.171620441900e+01
4.181707486100e+01
4.191603123800e+01
4.201821811900e+01
4.211690598900e+01
4.221777736400e+01
4.230531878700e+01
4.241572959000e+01
4.251852575800e+01
4.261701211400e+01
4.270893695600e+01
4.281494898400e+01
4.291355018600e+01
4.301447868400e+01
4.311605703600e+01
4.322008235000e+01
4.331670118600e+01
4.340655337500e+01
4.351892939100e+01
4.361699769600e+01
4.371897436400e+01
4.381703800600e+01
4.391562934100e+01
4.401485514500e+01
4.411620004500e+01
4.421831486500e+01
4.431655304600e+01
4.441566547100e+01
4.451434575900e+01
4.461742550800e+01
4.471519215300e+01
4.481816542400e+01
4.491754158200e+01
4.500811943500e+01
4.511837215500e+01
4.521676722800e+01
4.530836351800e+01
4.541709990300e+01
4.551857207000e+01
4.561837018400e+01
4.570605083200e+01
4.580666414700e+01
4.591636026500e+01
4.601998470600e+01
4.612216411600e+01
4.621676138000e+01
4.631674629900e+01
4.641859518000e+01
4.652049706300e+01
4.661764698300e+01
4.670740594900e+01
4.681845186200e+01
4.691490092000e+01
4.701557384900e+01
4.711770063300e+01
4.721598839400e+01
4.731549501700e+01
4.742068891900e+01
4.751779492500e+01
4.761729513400e+01
4.770524100900e+01
4.780626609200e+01
4.791867218600e+01
4.801822346500e+01
4.811633644900e+01
4.821699183600e+01
4.831906440800e+01
4.840768723600e+01
4.851833750100e+01
4.861666671600e+01
4.872191290900e+01
4.880623018600e+01
4.891943204400e+01
4.901794512800e+01
4.910804635800e+01
4.920500049300e+01
4.931796868700e+01
4.941870973000e+01
4.950858457900e+01
4.961685535700e+01
4.970560192100e+01
4.980756640900e+01
4.990800100900e+01
5.002171540500e+01
5.010601797600e+01
5.020847628600e+01
5.031665460400e+01
5.041679315800e+01
5.051664999800e+01
5.061794354900e+01
5.071810842900e+01
5.081749454600e+01
5.091700500800e+01
5.102402847500e+01
5.111588959700e+01
5.120802328400e+01
5.131902899200e+01
5.141695751200e+01
5.151988050800e+01
5.160786822300e+01
5.171768917000e+01
5.180643641600e+01
5.191893565500e+01
5.201791162600e+01
5.211700493800e+01
5.221633237000e+01
5.231828750400e+01
5.241930206500e+01
5.251181029000e+01
5.261038266300e+01
5.271804826900e+01
5.280956196800e+01
5.291681983600e+01
5.301731719200e+01
5.311639152000e+01
5.321665289300e+01
5.332278803800e+01
5.341781510000e+01
5.350964638300e+01
5.361678595600e+01
5.370686044900e+01
5.380606880500e+01
5.391936078700e+01
5.401976377400e+01
5.411712625800e+01
5.420671920700e+01
5.431979477700e+01
5.440793570000e+01
5.450824723800e+01
5.460766218400e+01
5.470716269400e+01
5.480757796800e+01
5.490778150200e+01
5.501718551400e+01
5.510659910200e+01
5.520745429400e+01
5.531981113600e+01
5.541297411700e+01
5.550955054500e+01
5.560950376200e+01
5.572047118800e+01
5.581072897000e+01
5.590909681700e+01
5.602029469700e+01
5.611962657800e+01
5.621061789000e+01
5.630982594700e+01
5.641184714600e+01
5.651120397100e+01
5.660812325300e+01
5.671078534000e+01
5.680850158500e+01
5.691946724600e+01
5.700848326900e+01
5.712108023800e+01
5.721797544000e+01
5.730855882100e+01
5.741881372800e+01
5.750939633800e+01
5.760946436600e+01
5.771186865000e+01
5.780929928700e+01
5.790848030000e+01
5.800884374700e+01
5.810721476700e+01
5.820792114500e+01
5.831958209700e+01
5.841217113300e+01
5.850968503500e+01
5.861801313700e+01
5.871712693800e+01
5.880767674100e+01
5.890970435800e+01
5.900880288400e+01
5.911958408600e+01
5.921627104700e+01
5.930663456300e+01
5.940610774900e+01
5.950629797500e+01
5.960728299300e+01
5.970957814300e+01
5.981925177700e+01
5.990851270400e+01
6.001188820200e+01
6.011982944700e+01
6.020742790300e+01
6.030883430000e+01
6.041652427300e+01
6.051704883600e+01
6.061835942300e+01
6.070809124500e+01
6.080727007400e+01
6.090630733700e+01
6.101039529400e+01
6.110688393100e+01
6.120750221300e+01
6.130809000800e+01
6.141591947000e+01
6.150908090900e+01
6.161715858800e+01
6.170542115600e+01
6.180666861600e+01
6.190682371500e+01
6.200852688500e+01
6.210823832200e+01
6.221878884500e+01
6.230677030600e+01
6.240738422600e+01
6.251803448100e+01
6.261958555600e+01
6.270808116700e+01
6.280792445000e+01
6.290765361200e+01
6.300734326500e+01
6.310606098800e+01
6.321655813800e+01
6.330799642500e+01
6.340744788000e+01
6.350895347000e+01
6.360958876600e+01
6.371297725900e+01
6.381307618100e+01
6.390996865100e+01
6.400884819000e+01
6.410808907300e+01
6.420659594200e+01
6.430983874100e+01
6.440947276800e+01
6.452350422300e+01
6.461293918400e+01
6.471021331600e+01
6.480865845000e+01
6.490784358800e+01
6.500713328400e+01
6.510707150100e+01
6.521902951800e+01
6.532007745600e+01
6.540729359000e+01
6.551854248000e+01
6.560648129600e+01
6.570604092500e+01
6.580701877000e+01
6.590958609000e+01
6.600814984500e+01
6.610803564900e+01
6.620968210900e+01
6.630750220500e+01
6.640964051400e+01
6.650993420800e+01
6.662047422600e+01
6.672470376700e+01
6.681020057500e+01
6.691943139000e+01
6.701083105900e+01
6.711981265700e+01
6.720991307300e+01
6.730909649400e+01
6.741054023000e+01
6.750921958800e+01
6.762058375900e+01
6.770984763400e+01
6.781336782300e+01
6.790939405800e+01
6.800967638300e+01
6.810823287800e+01
6.820944399600e+01
6.832092623600e+01
6.841087725900e+01
6.851994557700e+01
6.861206634700e+01
6.871048674600e+01
6.880795549800e+01
6.890979276000e+01
6.901171899000e+01
6.911539253700e+01
6.921300906900e+01
6.931126013100e+01
6.941954963100e+01
6.951096900000e+01
6.960943057300e+01
6.971023408800e+01
6.981094229900e+01
6.991815164400e+01
7.001257387400e+01
7.011394571500e+01
7.021102834200e+01
7.031453350100e+01
7.041373590300e+01
7.051511300200e+01
7.061427167900e+01
7.072341190700e+01
7.086804739000e+01
7.096316013600e+01
7.105246794500e+01
7.116218285700e+01
7.125041971500e+01
7.135405758900e+01
7.145433149500e+01
7.156275021200e+01
7.165409408000e+01
7.175518563400e+01
7.185241618700e+01
7.195223704100e+01
7.206289204900e+01
7.215229092800e+01
7.225199034700e+01
7.235439302500e+01
7.245173640000e+01
7.255108948600e+01
7.265291631400e+01
7.275259875400e+01
7.285177204100e+01
7.295159824300e+01
7.306042223400e+01
7.315061034000e+01
7.326193807400e+01
7.335203280300e+01
7.345143370400e+01
7.355272066300e+01
7.365315624800e+01
7.375279104100e+01
7.385583665700e+01
7.395351225700e+01
7.405391432200e+01
7.415070756800e+01
7.425209375100e+01
7.435303939000e+01
7.445183919600e+01
7.455129748100e+01
7.465043693800e+01
7.475366482800e+01
7.485258643600e+01
7.495352761300e+01
7.506378485200e+01
7.516236821600e+01
7.526515897000e+01
7.535286204000e+01
7.545416544600e+01
7.555339228700e+01
7.565170849900e+01
7.575340741800e+01
7.585525876200e+01
7.595302093800e+01
7.606380331700e+01
7.615277484700e+01
7.625274684300e+01
7.635431678100e+01
7.645318564800e+01
7.657451899800e+01
7.665419360500e+01
7.675285671100e+01
7.685243154900e+01
7.695285105000e+01
7.706038430300e+01
7.715204775100e+01
7.726128488700e+01
7.736294696100e+01
7.746252869000e+01
7.755565430400e+01
7.765402017300e+01
7.775449188700e+01
7.785220473100e+01
7.795439757600e+01
7.806353823400e+01
7.815280348500e+01
7.826173179300e+01
7.836152875900e+01
7.846027144600e+01
7.856244387600e+01
7.865211281300e+01
7.876333843200e+01
7.885376510900e+01
7.895206596600e+01
7.906311445600e+01
7.915967258500e+01
7.925443705500e+01
7.935297477000e+01
7.946145271100e+01
7.955891059200e+01
7.965822908300e+01
7.975659628900e+01
7.986421252700e+01
7.996071741200e+01
8.005756435000e+01
8.014890254900e+01
8.026021235600e+01
8.035902160200e+01
8.045746662300e+01
8.055944605300e+01
8.065888212600e+01
8.075703051500e+01
8.086102495400e+01
8.094991966600e+01
8.105937844300e+01
8.115083793500e+01
8.125959034700e+01
8.135892306700e+01
8.146120355000e+01
8.155895959100e+01
8.165964211000e+01
8.175841676900e+01
8.185879130200e+01
8.195956572000e+01
8.205926653400e+01
8.215988692500e+01
8.225893172000e+01
8.236135201700e+01
8.245977981000e+01
8.255855306600e+01
8.265907913200e+01
8.274643148800e+01
8.286054814000e+01
8.296081072900e+01
8.306159976900e+01
8.315963201500e+01
8.325014100100e+01
8.336032282200e+01
8.345908689200e+01
8.355065778700e+01
8.366071577100e+01
8.375979959000e+01
8.384908653800e+01
8.395902574500e+01
8.405905823700e+01
8.415095229500e+01
8.425922302100e+01
8.435880695200e+01
8.445851136100e+01
8.456080020100e+01
8.465819645300e+01
8.474919258100e+01
8.485826988700e+01
8.495061936400e+01
8.505770943100e+01
8.516041882100e+01
8.525911069900e+01
8.535940015100e+01
8.546011893600e+01
8.556050408400e+01
8.565977537500e+01
8.576025806400e+01
8.585990588200e+01
8.595880588700e+01
8.605969560900e+01
8.615732357500e+01
8.626025731900e+01
8.636078662200e+01
8.645987358300e+01
8.656014251700e+01
8.665965889200e+01
8.676086501800e+01
8.685846088000e+01
8.694901075000e+01
8.706102463200e+01
8.715945161800e+01
8.724860547200e+01
8.736040892900e+01
8.745972950100e+01
8.756066675700e+01
8.765883292300e+01
8.776275005900e+01
8.786140740500e+01
8.796028326100e+01
8.806146541300e+01
8.816048919000e+01
8.825883261700e+01
8.834977642800e+01
8.845964562300e+01
8.856114547400e+01
8.865231864000e+01
8.875864808300e+01
8.885974096300e+01
8.895003870200e+01
8.906090711100e+01
8.914822123100e+01
8.925026048700e+01
8.936179717700e+01
8.946138940800e+01
8.954902309400e+01
8.965839809600e+01
8.975977607700e+01
8.984808176200e+01
8.995894135500e+01
9.005787341000e+01
9.015985731800e+01
9.026059060600e+01
9.036022339900e+01
9.046078090500e+01
9.056107046900e+01
9.064976574800e+01
9.075952530200e+01
9.086021117300e+01
9.094952414000e+01
9.105036632000e+01
9.115369002600e+01
9.126253151900e+01
9.136154302600e+01
9.144892928300e+01
9.155920795200e+01
9.165948853700e+01
9.175975920900e+01
9.185992934700e+01
9.196036995100e+01
9.206247582900e+01
9.214987209900e+01
9.226134859900e+01
9.235937388100e+01
9.246020465300e+01
9.256047636000e+01
9.266107369900e+01
9.276066003400e+01
9.286354420700e+01
9.296044783300e+01
9.306075036300e+01
9.315041975900e+01
9.326109070600e+01
9.336137213600e+01
9.345044074400e+01
9.355807737800e+01
9.366198358400e+01
9.376121374600e+01
9.386252418000e+01
9.395957878600e+01
9.405019896400e+01
9.416105694200e+01
9.424934936000e+01
9.436293106900e+01
9.446068853400e+01
9.456726186700e+01
9.466229280200e+01
9.475192242900e+01
9.486298386400e+01
9.495292763600e+01
9.505527483200e+01
9.516140822000e+01
9.525807169100e+01
9.535443612000e+01
9.545330717700e+01
9.555221277600e+01
9.565438751800e+01
9.575224001400e+01
9.586468665200e+01
9.595254420800e+01
9.605261597200e+01
9.616251698400e+01
9.625578138600e+01
9.635511761100e+01
9.645527535000e+01
9.655435529700e+01
9.665329094800e+01
9.676204651700e+01
9.685373407000e+01
9.695605106300e+01
9.705221943300e+01
9.715510055200e+01
9.725338247700e+01
9.735331948600e+01
9.745540353300e+01
9.755359745700e+01
9.765470562200e+01
9.776509093900e+01
9.785329604300e+01
9.795442318700e+01
9.805615169600e+01
9.815360894800e+01
9.826574504600e+01
9.835458300700e+01
9.845453579700e+01
9.855621155500e+01
9.866432054700e+01
9.875471206800e+01
9.886326026500e+01
9.895107708600e+01
9.906452614100e+01
9.916536780600e+01
9.926246946000e+01
9.934416534800e+01
9.946485707700e+01
9.956517937800e+01
9.966473224200e+01
9.976500907700e+01
9.986477965400e+01
9.996444005100e+01
1.000532671530e+02
1.001775130340e+02
1.002651870160e+02
1.003564777990e+02
1.004549114170e+02
1.005682198170e+02
1.006638549500e+02
1.007524762970e+02
1.008644547410e+02
1.009517729630e+02
1.010537857920e+02
1.011520588980e+02
1.012632705650e+02
1.013659354680e+02
1.014536038200e+02
1.015639886490e+02
1.016634441130e+02
1.017529359030e+02
1.018660421310e+02
1.019539670460e+02
1.020753200880e+02
1.021654749730e+02
1.022640358910e+02
1.023533802320e+02
1.024548900150e+02
1.025648890290e+02
1.026654304250e+02
1.027651935690e+02
1.028657175330e+02
1.029561240030e+02
1.030639515330e+02
1.031741847880e+02
1.032651641040e+02
1.033628026220e+02
1.034549163590e+02
1.035564547410e+02
1.036634014460e+02
1.037661223070e+02
1.038648512130e+02
1.039668144110e+02
1.040573745230e+02
1.041646537120e+02
1.042534699600e+02
1.043545183810e+02
1.044526771070e+02
1.045538131670e+02
1.046549941920e+02
1.047624606880e+02
1.048531411120e+02
1.049638603570e+02
1.050656146980e+02
1.051732996740e+02
1.052650713610e+02
1.053560474760e+02
1.054632891750e+02
1.055650225720e+02
1.056530776140e+02
1.057549297580e+02
1.058652980110e+02
1.059644874450e+02
1.060658287830e+02
1.061680049740e+02
1.062567762310e+02
1.063680806340e+02
1.064547655630e+02
1.065556621490e+02
1.066524935800e+02
1.067650315780e+02
1.068549156020e+02
1.069641555270e+02
1.070651327100e+02
1.071665139970e+02
1.072651742910e+02
1.073569703970e+02
1.074647708660e+02
1.075709397970e+02
1.076590946110e+02
1.077576985010e+02
1.078689819040e+02
1.079691364290e+02
1.080608465880e+02
1.081592357440e+02
1.082684380260e+02
1.083568436880e+02
1.084584462570e+02
1.085684380390e+02
1.086567875750e+02
1.087573100490e+02
1.088571722550e+02
1.089692174390e+02
1.090590924420e+02
1.091559352550e+02
1.092550985760e+02
1.093564247850e+02
1.094584694110e+02
1.095594609540e+02
1.096685575290e+02
1.097585538670e+02
1.098672798950e+02
1.099570727970e+02
1.100573606950e+02
1.101569242430e+02
1.102586982260e+02
1.103589419260e+02
1.104578110420e+02
1.105573767800e+02
1.106563770640e+02
1.107787961830e+02
1.108557645310e+02
1.109568974340e+02
1.110670587250e+02
1.111559023120e+02
1.112579609280e+02
1.113577127690e+02
1.114582411130e+02
1.115561779150e+02
1.116550005640e+02
1.117576452620e+02
1.118567031450e+02
1.119673896310e+02
1.120572255750e+02
1.121572559600e+02
1.122577775900e+02
1.123573037670e+02
1.124566490170e+02
1.125573316440e+02
1.126563584160e+02
1.127595660890e+02
1.128693045130e+02
1.129581959260e+02
1.130585837050e+02
1.131665613260e+02
1.132571006950e+02
1.133565150350e+02
1.134580945810e+02
1.135580131780e+02
1.136583787860e+02
1.137560511980e+02
1.138558388940e+02
1.139587354410e+02
1.140575826290e+02
1.141585653030e+02
1.142606491870e+02
1.143594726350e+02
1.144565483720e+02
1.145588401720e+02
1.146583319610e+02
1.147581532850e+02
1.148488014600e+02
1.149583710500e+02
1.150584684900e+02
1.151593254600e+02
1.152579648520e+02
1.153579920070e+02
1.154585578590e+02
1.155693631010e+02
1.156571052110e+02
1.157667318870e+02
1.158470296370e+02
1.159574370760e+02
1.160572082600e+02
1.161600470190e+02
1.162580344940e+02
1.163672868800e+02
1.164564368490e+02
1.165560863050e+02
1.166746494620e+02
1.167585664630e+02
1.168685263350e+02
1.169589184050e+02
1.170568733590e+02
1.171580012160e+02
1.172584207700e+02
1.173561384570e+02
1.174669706770e+02
1.175467439350e+02
1.176580827200e+02
1.177678489040e+02
1.178601717920e+02
1.179462390800e+02
1.180571268110e+02
1.181561561730e+02
1.182587189860e+02
1.183563632560e+02
1.184593058220e+02
1.185569330670e+02
1.186580309470e+02
1.187556104570e+02
1.188569354420e+02
1.189658860600e+02
1.190556841430e+02
1.191552836830e+02
1.192542928470e+02
1.193570666300e+02
1.194573602920e+02
1.195568511880e+02
1.196560828620e+02
1.197559608730e+02
1.198670808440e+02
1.199581844430e+02
1.200559491560e+02
1.201724324000e+02
1.202573729570e+02
1.203578468120e+02
1.204599477480e+02
1.205583980950e+02
1.206580685020e+02
1.207579096100e+02
1.208572523320e+02
1.209560522480e+02
1.210588124730e+02
1.211560798920e+02
1.212648617680e+02
1.213608660120e+02
1.214597370850e+02
1.215587071370e+02
1.216590231160e+02
1.217618657520e+02
1.218510770440e+02
1.219604490510e+02
1.220598501590e+02
1.221612056290e+02
1.222503239800e+02
1.223603500630e+02
1.224598546660e+02
1.225597373320e+02
1.226611910070e+02
1.227506227110e+02
1.228632961810e+02
1.229605935660e+02
1.230601109360e+02
1.231491237600e+02
1.232601356040e+02
1.233609287140e+02
1.234495542630e+02
1.235719859370e+02
1.236498233100e+02
1.237596700190e+02
1.238596797750e+02
1.239493409590e+02
1.240603662750e+02
1.241599483860e+02
1.242577619320e+02
1.243528068650e+02
1.244600089970e+02
1.245594724290e+02
1.246593982960e+02
1.247802089580e+02
1.248591724770e+02
1.249630768900e+02
1.250608072520e+02
1.251506817640e+02
1.252604808800e+02
1.253596332470e+02
1.254608657460e+02
1.255609743200e+02
1.256515340600e+02
1.257609161090e+02
1.258601230250e+02
1.259618475040e+02
1.260605352230e+02
1.261585673100e+02
1.262602823290e+02
1.263611867760e+02
1.264624009350e+02
1.265606073840e+02
1.266609890280e+02
1.267584784960e+02
1.268486873240e+02
1.269603684910e+02
1.270595485260e+02
1.271627430530e+02
1.272516957630e+02
1.273495861120e+02
1.274605924190e+02
1.275584965330e+02
1.276604064770e+02
1.277610803510e+02
1.278594493390e+02
1.279610844100e+02
1.280497036490e+02
1.281609922510e+02
1.282605406380e+02
1.283619501320e+02
1.284486110350e+02
1.285589474760e+02
1.286597013910e+02
1.287622415970e+02
1.288612687070e+02
1.289628912200e+02
1.290598933390e+02
1.291611729250e+02
1.292622968090e+02
1.293618665230e+02
1.294590054600e+02
1.295720337750e+02
1.296593158510e+02
1.297610757100e+02
1.298620942780e+02
1.299505727090e+02
1.300626173370e+02
1.301505850030e+02
1.302494335100e+02
1.303607539710e+02
1.304703953620e+02
1.305584409470e+02
1.306612123300e+02
1.307685114540e+02
1.308599180360e+02
1.309609965230e+02
1.310604130530e+02
1.311581896300e+02
1.312607013280e+02
1.313600704810e+02
1.314603156140e+02
1.315590895430e+02
1.316593960320e+02
1.317615716660e+02
1.318614926370e+02
1.319508234070e+02
1.320615571770e+02
1.321606449210e+02
1.322628707320e+02
1.323597333690e+02
1.324612845170e+02
1.325619823570e+02
1.326502981410e+02
1.327703034890e+02
1.328636705120e+02
1.329603139560e+02
1.330499749080e+02
1.331521863560e+02
1.332601685740e+02
1.333618998480e+02
1.334614003750e+02
1.335608503790e+02
1.336612154040e+02
1.337592508980e+02
1.338582763240e+02
1.339605914120e+02
1.340629087920e+02
1.341494574430e+02
1.342585477670e+02
1.343484307400e+02
1.344512180690e+02
1.345703279290e+02
1.346605884610e+02
1.347611485610e+02
1.348610868250e+02
1.349512107960e+02
1.350612143670e+02
1.351498120730e+02
1.352590501320e+02
1.353602022510e+02
1.354506666010e+02
1.355497888790e+02
1.356597306560e+02
1.357507288450e+02
1.358575223960e+02
1.359628602830e+02
1.360583152380e+02
1.361592253750e+02
1.362693491980e+02
1.363529342540e+02
1.364605746670e+02
1.365600708800e+02
1.366518304720e+02
1.367645793940e+02
1.368608401600e+02
1.369631526320e+02
1.370643278490e+02
1.371632255170e+02
1.372629034260e+02
1.373708322730e+02
1.374608722690e+02
1.375582130640e+02
1.376593811200e+02
1.377612764280e+02
1.378595834660e+02
1.379604596280e+02
1.380699407450e+02
1.381583761920e+02
1.382577096880e+02
1.383678046510e+02
1.384571016450e+02
1.385593316620e+02
1.386579331320e+02
1.387586335550e+02
1.388593420480e+02
1.389583676460e+02
1.390600832750e+02
1.391601158290e+02
1.392588096960e+02
1.393570873440e+02
1.394570584100e+02
1.395479362810e+02
1.396626857330e+02
1.397583653050e+02
1.398595130870e+02
1.399593864830e+02
1.400597615650e+02
1.401485879780e+02
1.402572675800e+02
1.403581844550e+02
1.404484678650e+02
1.405588044510e+02
1.406583156740e+02
1.407585419510e+02
1.408615190730e+02
1.409693624120e+02
1.410596459620e+02
1.411602303060e+02
1.412579025960e+02
1.413582095090e+02
1.414573488890e+02
1.415580582080e+02
1.416571477380e+02
1.417586901920e+02
1.418581305910e+02
1.419581900780e+02
1.420599705750e+02
1.421479658920e+02
1.422691073650e+02
1.423585276600e+02
1.424585327150e+02
1.425603454970e+02
1.426582855480e+02
1.427571696750e+02
1.428489631180e+02
1.429578774960e+02
1.430665628590e+02
1.431583965640e+02
1.432580245360e+02
1.433584740100e+02
1.434591827850e+02
1.435691505400e+02
1.436607503270e+02
1.437586183100e+02
1.438580868540e+02
1.439599295430e+02
1.440644373620e+02
1.441616156720e+02
1.442628362460e+02
1.443618888280e+02
1.444512823840e+02
1.445638695300e+02
1.446615004260e+02
1.447642968970e+02
1.448728545730e+02
1.449624905090e+02
1.450515856700e+02
1.451624899770e+02
1.452613204890e+02
1.453627367260e+02
1.454616368570e+02
1.455628547820e+02
1.456503023290e+02
1.457515063880e+02
1.458520369320e+02
1.459622777240e+02
1.460625524140e+02
1.461620494920e+02
1.462636464690e+02
1.463526408390e+02
1.464613157390e+02
1.465647683830e+02
1.466522336140e+02
1.467617949020e+02
1.468626672920e+02
1.469525999440e+02
1.470630209530e+02
1.471638519550e+02
1.472625371170e+02
1.473619643440e+02
1.474714703780e+02
1.475618756080e+02
1.476617749580e+02
1.477620646280e+02
1.478626045590e+02
1.479614559120e+02
1.480625819780e+02
1.481621970000e+02
1.482645407560e+02
1.483629998510e+02
1.484517296720e+02
1.485630990100e+02
1.486612496520e+02
1.487610966460e+02
1.488618867100e+02
1.489623660280e+02
1.490631520690e+02
1.491615447920e+02
1.492619676430e+02
1.493520211430e+02
1.494611441620e+02
1.495623939290e+02
1.496653360430e+02
1.497518206200e+02
1.498610563880e+02
1.499626328670e+02
1.500643766580e+02
1.501729805710e+02
1.502652222540e+02
1.503629513990e+02
1.504515577040e+02
1.505615139790e+02
1.506497032480e+02
1.507620301430e+02
1.508624284020e+02
1.509632145530e+02
1.510523703130e+02
1.511512415650e+02
1.512606091920e+02
1.513588860730e+02
1.514651123150e+02
1.515611907910e+02
1.516624422080e+02
1.517633292380e+02
1.518619344230e+02
1.519631085880e+02
1.520616600970e+02
1.521624754940e+02
1.522618627680e+02
1.523617793430e+02
1.524513889740e+02
1.525620176690e+02
1.526602552370e+02
1.527626991990e+02
1.528621245530e+02
1.529635629290e+02
1.530634089250e+02
1.531517251190e+02
1.532623004030e+02
1.533618718000e+02
1.534521818280e+02
1.535541997240e+02
1.536521334370e+02
1.537514546150e+02
1.538616228400e+02
1.539617234630e+02
1.540607767050e+02
1.541628581050e+02
1.542763676800e+02
1.543664016420e+02
1.544557139570e+02
1.545551404550e+02
1.546652703470e+02
1.547539961790e+02
1.548657729300e+02
1.549553711570e+02
1.550548193450e+02
1.551650177160e+02
1.552645801820e+02
1.553556559290e+02
1.554549019210e+02
1.555545130170e+02
1.556672893650e+02
1.557661251450e+02
1.558650313780e+02
1.559542874070e+02
1.560689207030e+02
1.561557811880e+02
1.562566545650e+02
1.563563318390e+02
1.564551722260e+02
1.565541963050e+02
1.566621689260e+02
1.567659215020e+02
1.568558867980e+02
1.569559932390e+02
1.570649481930e+02
1.571547789670e+02
1.572552140420e+02
1.573759582540e+02
1.574545813740e+02
1.575596662780e+02
1.576666961570e+02
1.577544329180e+02
1.578556549290e+02
1.579654571570e+02
1.580557934510e+02
1.581557930950e+02
1.582567442850e+02
1.583581849810e+02
1.584549796050e+02
1.585741874290e+02
1.586565872200e+02
1.587663893730e+02
1.588540383340e+02
1.589539991650e+02
1.590535622760e+02
1.591557728060e+02
1.592541147700e+02
1.593565519460e+02
1.594660487920e+02
1.595544423650e+02
1.596656461890e+02
1.597660154000e+02
1.598662424850e+02
1.599750576210e+02
1.600550832500e+02
1.601540189380e+02
1.602665373280e+02
1.603536469730e+02
1.604635279750e+02
1.605552648650e+02
1.606666489830e+02
1.607660472360e+02
1.608681410310e+02
1.609571999020e+02
1.610652907730e+02
1.611642152180e+02
1.612661148580e+02
1.613647494710e+02
1.614675006320e+02
1.615555487290e+02
1.616550067230e+02
1.617552201140e+02
1.618548194270e+02
1.619564775960e+02
1.620555661970e+02
1.621560448170e+02
1.622668592000e+02
1.623569057940e+02
1.624568601810e+02
1.625647178170e+02
1.626553216280e+02
1.627545122980e+02
1.628666617970e+02
1.629576893020e+02
1.630571298860e+02
1.631570724080e+02
1.632534682100e+02
1.633553479090e+02
1.634571940440e+02
1.635586832630e+02
1.636567166950e+02
1.637559091980e+02
1.638569762760e+02
1.639669263100e+02
1.640563450360e+02
1.641545793010e+02
1.642766010400e+02
1.643659816810e+02
1.644575067030e+02
1.645571255140e+02
1.646547261720e+02
1.647545841470e+02
1.648570117160e+02
1.649541843530e+02
1.650555387230e+02
1.651544702890e+02
1.652645100740e+02
1.653648752110e+02
1.654581212100e+02
1.655563238720e+02
1.656539180770e+02
1.657695517940e+02
1.658548254300e+02
1.659560330780e+02
1.660560421430e+02
1.661556786380e+02
1.662545104650e+02
1.663659687410e+02
1.664559039020e+02
1.665642138760e+02
1.666564955680e+02
1.667562477380e+02
1.668557587640e+02
1.669648245700e+02
1.670579158950e+02
1.671554564990e+02
1.672640042370e+02
1.673565578120e+02
1.674666772310e+02
1.675666283180e+02
1.676567593370e+02
1.677548725680e+02
1.678550005910e+02
1.679564332410e+02
1.680593764790e+02
1.681562485560e+02
1.682532572060e+02
1.683553855020e+02
1.684574827350e+02
1.685555304650e+02
1.686679371630e+02
1.687672353110e+02
1.688668175090e+02
1.689623797010e+02
1.690617810860e+02
1.691599452820e+02
1.692684035170e+02
1.693515398630e+02
1.694588935890e+02
1.695586734220e+02
1.696592802220e+02
1.697586123280e+02
1.698599955820e+02
1.699593803270e+02
1.700583921070e+02
1.701605780680e+02
1.702686495060e+02
1.703631531850e+02
1.704529465280e+02
1.705650635330e+02
1.706646399560e+02
1.707545868800e+02
1.708624321430e+02
1.709523381110e+02
1.710528563160e+02
1.711643531410e+02
1.712545964290e+02
1.713619055980e+02
1.714622537230e+02
1.715681947910e+02
1.716543662260e+02
1.717585140710e+02
1.718624995850e+02
1.719643292120e+02
1.720553493140e+02
1.721651171340e+02
1.722523366830e+02
1.723640962070e+02
1.724557646300e+02
1.725530894960e+02
1.726648983420e+02
1.727545844160e+02
1.728565846760e+02
1.729547295620e+02
1.730548714650e+02
1.731561201700e+02
1.732927949590e+02
1.733640964950e+02
1.734567614940e+02
1.735566641920e+02
1.736714544930e+02
1.737589884110e+02
1.738580480660e+02
1.739586840600e+02
1.740570382100e+02
1.741599527460e+02
1.742583176230e+02
1.743690464010e+02
1.744558585260e+02
1.745572262490e+02
1.746667428800e+02
1.747529607150e+02
1.748658248900e+02
1.749639302330e+02
1.750529563230e+02
1.751634716470e+02
1.752629611120e+02
1.753564399290e+02
1.754538799310e+02
1.755537647920e+02
1.756644125300e+02
1.757662735230e+02
1.758536977580e+02
1.759540432830e+02
1.760623992670e+02
1.761540115870e+02
1.762625946590e+02
1.763658832840e+02
1.764544737490e+02
1.765651335200e+02
1.766564072910e+02
1.767665057810e+02
1.768563333340e+02
1.769568173820e+02
1.770641090220e+02
1.771554426250e+02
1.772540146970e+02
1.773639541950e+02
1.774537014060e+02
1.775560193750e+02
1.776684568610e+02
1.777556584470e+02
1.778550283560e+02
1.779635883030e+02
1.780533004870e+02
1.781649617460e+02
1.782686360470e+02
1.783655438330e+02
1.784605171470e+02
1.785537120120e+02
1.786566068870e+02
1.787563104570e+02
1.788555083760e+02
1.789567789280e+02
1.790541470200e+02
1.791564352590e+02
1.792564946040e+02
1.793563443760e+02
1.794651931860e+02
1.795770859900e+02
1.796562303970e+02
1.797564998550e+02
1.798674231480e+02
1.799574398800e+02
1.800552744560e+02
1.801542180950e+02
1.802536442970e+02
1.803664691300e+02
1.804570490220e+02
1.805563561150e+02
1.806614414770e+02
1.807563669770e+02
1.808554266110e+02
1.809547947940e+02
1.810577818910e+02
1.811474801100e+02
1.812568193310e+02
1.813672898410e+02
1.814574063800e+02
1.815590627590e+02
1.816566675000e+02
1.817587683250e+02
1.818662704400e+02
1.819571988320e+02
1.820566618600e+02
1.821571037910e+02
1.822577312890e+02
1.823562944970e+02
1.824575207420e+02
1.825566113600e+02
1.826575252840e+02
1.827672957950e+02
1.828575193410e+02
1.829554256630e+02
1.830657764950e+02
1.831572678040e+02
1.832675435030e+02
1.833577138490e+02
1.834569769470e+02
1.835566836440e+02
1.836577542070e+02
1.837597893380e+02
1.838564731870e+02
1.839579610570e+02
1.840695226590e+02
1.841671550480e+02
1.842778599270e+02
1.843772571920e+02
1.844696680000e+02
1.845704934560e+02
1.846670017400e+02
1.847681361730e+02
1.848579767660e+02
1.849581091460e+02
1.850685920770e+02
1.851597237170e+02
1.852675625810e+02
1.853671561720e+02
1.854678534500e+02
1.855777754560e+02
1.856690873890e+02
1.857695779920e+02
1.858682517030e+02
1.860121369890e+02
1.860773439890e+02
1.861545472250e+02
1.862555142960e+02
1.863575288890e+02
1.864578325190e+02
1.865599513690e+02
1.866578188080e+02
1.867576534680e+02
1.868574287360e+02
1.869578516800e+02
1.870576558160e+02
1.871569999790e+02
1.872682568370e+02
1.873571618870e+02
1.874714551820e+02
1.875599138260e+02
1.876685163630e+02
1.877570287960e+02
1.878672240490e+02
1.879557627060e+02
1.880583012870e+02
1.881562816110e+02
1.882544935630e+02
1.883565364880e+02
1.884579163200e+02
1.885672303470e+02
1.886682424090e+02
1.887580697740e+02
1.888682091170e+02
1.889683710500e+02
1.890673225950e+02
1.891795657220e+02
1.892656590490e+02
1.893568091880e+02
1.894390317940e+02
1.895769839530e+02
1.896776383820e+02
1.897691549890e+02
1.898663566410e+02
1.899568447130e+02
1.900592547360e+02
1.901786301180e+02
1.902675309410e+02
1.903682724840e+02
1.904687230770e+02
1.905672438850e+02
1.906673918270e+02
1.907815435900e+02
1.908681978720e+02
1.909770685630e+02
1.910716452340e+02
1.911693677020e+02
1.912685631170e+02
1.913676036640e+02
1.914680501060e+02
1.915677466430e+02
1.916687843760e+02
1.917683397820e+02
1.918670201060e+02
1.919658844340e+02
1.920662953160e+02
1.921674618770e+02
1.922714680060e+02
1.923891816170e+02
1.924774672620e+02
1.925583750230e+02
1.926574711950e+02
1.927585587110e+02
1.928589275020e+02
1.929591562970e+02
1.930573665070e+02
1.931690573600e+02
1.932290009860e+02
1.933691591590e+02
1.934553969140e+02
1.935574287580e+02
1.936686795300e+02
1.937574895920e+02
1.938688821180e+02
1.939377946050e+02
1.940375627070e+02
1.941803935470e+02
1.942687275900e+02
1.943369905390e+02
1.944489613610e+02
1.945788293070e+02
1.946278184140e+02
1.947770832950e+02
1.948772715000e+02
1.949380127540e+02
1.950684182830e+02
1.951709444340e+02
1.952567479870e+02
1.953367563820e+02
1.954763279240e+02
1.955797425440e+02
1.956764567500e+02
1.957404567130e+02
1.958905612800e+02
1.959382753810e+02
1.960782851690e+02
1.961580980040e+02
1.962443411920e+02
1.963710808590e+02
1.964721415990e+02
1.965333000390e+02
1.966426888350e+02
1.967435831340e+02
1.968441173880e+02
1.969554583480e+02
1.970442144360e+02
1.971429709800e+02
1.972453809740e+02
1.973739730470e+02
1.974728223360e+02
1.975333777250e+02
1.976448187750e+02
1.977337338180e+02
1.978429168550e+02
1.979327713720e+02
1.980716083310e+02
1.981332422370e+02
1.982730567030e+02
1.983354289870e+02
1.984753509850e+02
1.985638363130e+02
1.986650396220e+02
1.987644543740e+02
1.988658689320e+02
1.990129443710e+02
1.990929119200e+02
1.991929925220e+02
1.992829218440e+02
1.993625604030e+02
1.994709721720e+02
1.995753631630e+02
1.996612506700e+02
1.997715897490e+02
1.998701665730e+02
1.999730634910e+02
2.000634113650e+02
2.001594581750e+02
2.002702202180e+02
2.003612437910e+02
2.004714225770e+02
2.005699729720e+02
2.006714144700e+02
2.007620591990e+02
2.008542745230e+02
2.009604904810e+02
2.010596062380e+02
2.011602230070e+02
2.012494046350e+02
2.013616375560e+02
2.014621658490e+02
2.015614036850e+02
2.016633218980e+02
2.017610796170e+02
2.018617094530e+02
2.019619977330e+02
2.020735780760e+02
2.022090325640e+02
2.022654053580e+02
2.023775498590e+02
2.024657753340e+02
2.025664750180e+02
2.026774056600e+02
2.027712924230e+02
2.028387022610e+02
2.029791114280e+02
2.030679655440e+02
2.031707948730e+02
2.032804641190e+02
2.033698858020e+02
2.034682531990e+02
2.035667018760e+02
2.036668622210e+02
2.037799458840e+02
2.038690275830e+02
2.039595472450e+02
2.040587330060e+02
2.041573933110e+02
2.042659980030e+02
2.043559014290e+02
2.044566320480e+02
2.045577516350e+02
2.046572842880e+02
2.047593276480e+02
2.048575359580e+02
2.049716399800e+02
2.050577060410e+02
2.051468672470e+02
2.052753313050e+02
2.053951796160e+02
2.054823976770e+02
2.055941559990e+02
2.056830500020e+02
2.057616596760e+02
2.058593688040e+02
2.059619326630e+02
2.060586372790e+02
2.061524309540e+02
2.062644387660e+02
2.063603977050e+02
2.064603624000e+02
2.065697736740e+02
2.066494079110e+02
2.067621882320e+02
2.068651770740e+02
2.069606374070e+02
2.070615231260e+02
2.071626595130e+02
2.072499481710e+02
2.073617293350e+02
2.074658353200e+02
2.075509036560e+02
2.076523485530e+02
2.077619707050e+02
2.078627138550e+02
2.079618144530e+02
2.080616463370e+02
2.081620387240e+02
2.082631324340e+02
2.083627945930e+02
2.084753384380e+02
2.085646820960e+02
2.086627311130e+02
2.087516251700e+02
2.088623963340e+02
2.089611850870e+02
2.090611190190e+02
2.091550315410e+02
2.092623843100e+02
2.093529816700e+02
2.094626153730e+02
2.095632775120e+02
2.096624601090e+02
2.097601953880e+02
2.098530332020e+02
2.099527185200e+02
2.100636009510e+02
2.101608326550e+02
2.102712968510e+02
2.103599140950e+02
2.104713755070e+02
2.105600424900e+02
2.106621190940e+02
2.107637320400e+02
2.108718751360e+02
2.109638928560e+02
2.110711891140e+02
2.111625228900e+02
2.112751156880e+02
2.113625469420e+02
2.114627380150e+02
2.115710966660e+02
2.117013470780e+02
2.117822981130e+02
2.118615180120e+02
2.119657934670e+02
2.120627449840e+02
2.121604839930e+02
2.122616248640e+02
2.123519045500e+02
2.124627156510e+02
2.125534965310e+02
2.126621819910e+02
2.127612531630e+02
2.128640468620e+02
2.129536702010e+02
2.130634831940e+02
2.131633719230e+02
2.132627854090e+02
2.133827379310e+02
2.134613501620e+02
2.135625392380e+02
2.136526449200e+02
2.137713845450e+02
2.138526872380e+02
2.139626378350e+02
2.140527649850e+02
2.141634412260e+02
2.142620380040e+02
2.143611943070e+02
2.144634370020e+02
2.145628409010e+02
2.146652726400e+02
2.147730629830e+02
2.148638132480e+02
2.149636653940e+02
2.150749940790e+02
2.151640752850e+02
2.152603465880e+02
2.153616636080e+02
2.154656931780e+02
2.155640504150e+02
2.156629360180e+02
2.157625414380e+02
2.158533241250e+02
2.159528056840e+02
2.160631459080e+02
2.161641673180e+02
2.162527143550e+02
2.163637544360e+02
2.164634383090e+02
2.165525809840e+02
2.166629085070e+02
2.167938932010e+02
2.168828841320e+02
2.169847812830e+02
2.170848116820e+02
2.171851342630e+02
2.172646472830e+02
2.173725363770e+02
2.174634988870e+02
2.175731594690e+02
2.176728835510e+02
2.177725271710e+02
2.178635367090e+02
2.179720524930e+02
2.180637233300e+02
2.181770830270e+02
2.182947127220e+02
2.183742579140e+02
2.184647646360e+02
2.185623220120e+02
2.186537791730e+02
2.187629063900e+02
2.188635025300e+02
2.189662829700e+02
2.190621996230e+02
2.191625006420e+02
2.192608641830e+02
2.193598812630e+02
2.194622126980e+02
2.195529965240e+02
2.196658160320e+02
2.197515442920e+02
2.198520930180e+02
2.199642001700e+02
2.200513746970e+02
2.201726232240e+02
2.202641299110e+02
2.203725119260e+02
2.204734477850e+02
2.205724029560e+02
2.206710862750e+02
2.207639912030e+02
2.208732049750e+02
2.209627241710e+02
2.210624519390e+02
2.211734726060e+02
2.212594015950e+02
2.213527242340e+02
2.214632363920e+02
2.215730517150e+02
2.216808059580e+02
2.217618226090e+02
2.218628548500e+02
2.219643731230e+02
2.220624403170e+02
2.221614186520e+02
2.222421545390e+02
2.223731224830e+02
2.224711598590e+02
2.225613602600e+02
2.226301917310e+02
2.227733678800e+02
2.228715201030e+02
2.229709086450e+02
2.230780976000e+02
2.231460529050e+02
2.232426015160e+02
2.233630916890e+02
2.234655679920e+02
2.235619216090e+02
2.236309415730e+02
2.237738413360e+02
2.238605158490e+02
2.239601020950e+02
2.240631143640e+02
2.241636838920e+02
2.242634259250e+02
2.243623548860e+02
2.244329308910e+02
2.245631544860e+02
2.246641540610e+02
2.247618378740e+02
2.248985163460e+02
2.249395723560e+02
2.250367598430e+02
2.251352385820e+02
2.252654516580e+02
2.253669376710e+02
2.254361204610e+02
2.255370769170e+02
2.256382573890e+02
2.257380833690e+02
2.258671528820e+02
2.259362838780e+02
2.260641227180e+02
2.261344752900e+02
2.262482159110e+02
2.263461032350e+02
2.264364114450e+02
2.265464369170e+02
2.266644903540e+02
2.267350841550e+02
2.268370366620e+02
2.269405625850e+02
2.270670499580e+02
2.271549067890e+02
2.272634560750e+02
2.273581129500e+02
2.274570000890e+02
2.275571689980e+02
2.276284327810e+02
2.277679283380e+02
2.278264264470e+02
2.279691804110e+02
2.280364102370e+02
2.281360415070e+02
2.282692010220e+02
2.283567374450e+02
2.284568514930e+02
2.285674162160e+02
2.286571906720e+02
2.287263307830e+02
2.288369327190e+02
2.289372275480e+02
2.290383250060e+02
2.291460267210e+02
2.292658523820e+02
2.293785382110e+02
2.294682187460e+02
2.295361735890e+02
2.296356859980e+02
2.297373020280e+02
2.298680013010e+02
2.299390801830e+02
2.300373924620e+02
2.301378542700e+02
2.302783221350e+02
2.303670339180e+02
2.304557192160e+02
2.305567174520e+02
2.306673993850e+02
2.307275062000e+02
2.308378121640e+02
2.309543757380e+02
2.310682012140e+02
2.312061574690e+02
2.312632753970e+02
2.313639483350e+02
2.314665654270e+02
2.315564051250e+02
2.316565421780e+02
2.317579189480e+02
2.318569960100e+02
2.319554133260e+02
2.320583634450e+02
2.321569153530e+02
2.322551432970e+02
2.323642105830e+02
2.324534510320e+02
2.325673428560e+02
2.326560302490e+02
2.327593243240e+02
2.328587052000e+02
2.329566655560e+02
2.330568029880e+02
2.331590058420e+02
2.332571175830e+02
2.333651316080e+02
2.334672820670e+02
2.335686803120e+02
2.336667243330e+02
2.337670880280e+02
2.338769658250e+02
2.339908397930e+02
2.340881088940e+02
2.341786612210e+02
2.342812339690e+02
2.343655039870e+02
2.344652941700e+02
2.345639640330e+02
2.346657594010e+02
2.347772612690e+02
2.348676305960e+02
2.349695097060e+02
2.350675224770e+02
2.351668900630e+02
2.352677495090e+02
2.353876990120e+02
2.354574827800e+02
2.355652007050e+02
2.356518461390e+02
2.357692337300e+02
2.358555158780e+02
2.359584292570e+02
2.360554393420e+02
2.361581533710e+02
2.362580698050e+02
2.363545860790e+02
2.364653479020e+02
2.365566627840e+02
2.366532044440e+02
2.367642472440e+02
2.368737079250e+02
2.370041914270e+02
2.370640224880e+02
2.371594673440e+02
2.372579283200e+02
2.373656926220e+02
2.374461603720e+02
2.375569005610e+02
2.376444891980e+02
2.377547552390e+02
2.378557491940e+02
2.379553709800e+02
2.380550471060e+02
2.381552060130e+02
2.382579390130e+02
2.383491251900e+02
2.384542004770e+02
2.385643666240e+02
2.386576948280e+02
2.387546158650e+02
2.388559236750e+02
2.389546269330e+02
2.390546712330e+02
2.391559904140e+02
2.392573817310e+02
2.393573773030e+02
2.394575562600e+02
2.395565726840e+02
2.396567159500e+02
2.397445950240e+02
2.398690717630e+02
2.399787819240e+02
2.400566321590e+02
2.401654190630e+02
2.402583367950e+02
2.403592536480e+02
2.404579343050e+02
2.405660955430e+02
2.406571891520e+02
2.407565970180e+02
2.408692918600e+02
2.409690180200e+02
2.410781429110e+02
2.411676632450e+02
2.412800615990e+02
2.413599199100e+02
2.415030991200e+02
2.415803580870e+02
2.416609939260e+02
2.417621185220e+02
2.418620122120e+02
2.419617787580e+02
2.420607776360e+02
2.421617136150e+02
2.422713836370e+02
2.423614566670e+02
2.424701630700e+02
2.425712910200e+02
2.426713591040e+02
2.427615607640e+02
2.428772521190e+02
2.429915991790e+02
2.430683353750e+02
2.431692183110e+02
2.432602224340e+02
2.433616019700e+02
2.434200598980e+02
2.435705328670e+02
2.436288252630e+02
2.437397781380e+02
2.438585402940e+02
2.439502123880e+02
2.440310163850e+02
2.441709810010e+02
2.442589153590e+02
2.443593558160e+02
2.444505925980e+02
2.445599041970e+02
2.446289496000e+02
2.447389491710e+02
2.448593674830e+02
2.449304355620e+02
2.450707674070e+02
2.451606028120e+02
2.452498060500e+02
2.453596845970e+02
2.454606877580e+02
2.455598208130e+02
2.456607135140e+02
2.457289430680e+02
2.458712696410e+02
2.459290084640e+02
2.460400368040e+02
2.461386362920e+02
2.462682925250e+02
2.463613531710e+02
2.464594776790e+02
2.465594886620e+02
2.466649664910e+02
2.467305691320e+02
2.468611976720e+02
2.469607638020e+02
2.470617222230e+02
2.471586058920e+02
2.472581100060e+02
2.473560384170e+02
2.474584838070e+02
2.475600762890e+02
2.476768914300e+02
2.477602099760e+02
2.478626934380e+02
2.479624832070e+02
2.480655147830e+02
2.481653365710e+02
2.482525461580e+02
2.483615365840e+02
2.484521118050e+02
2.485639805620e+02
2.486615837130e+02
2.487624703830e+02
2.488587940830e+02
2.489699103120e+02
2.490622310840e+02
2.491703316330e+02
2.493002056240e+02
2.493824757230e+02
2.494766714130e+02
2.495632394300e+02
2.496551510660e+02
2.497530787470e+02
2.498636133630e+02
2.499628870510e+02
2.500629135390e+02
2.501641525060e+02
2.502638147250e+02
2.503626909340e+02
2.504627509360e+02
2.505638108220e+02
2.506618541520e+02
2.507640777380e+02
2.508641927650e+02
2.509634447130e+02
2.510652213990e+02
2.511701908760e+02
2.512621560590e+02
2.513643138710e+02
2.514605671780e+02
2.515613051850e+02
2.516703488690e+02
2.517602891280e+02
2.518592832820e+02
2.519638620180e+02
2.520739410320e+02
2.521641698100e+02
2.522740833890e+02
2.523745608510e+02
2.524650093130e+02
2.525751343080e+02
2.526635901270e+02
2.527635629620e+02
2.528643926920e+02
2.529659649060e+02
2.530631341290e+02
2.531618641630e+02
2.532634968270e+02
2.533649537560e+02
2.534517386940e+02
2.535633858080e+02
2.536521564910e+02
2.537537435260e+02
2.538533488090e+02
2.539540070660e+02
2.540638265190e+02
2.541968661790e+02
2.542635544230e+02
2.543645465250e+02
2.544854695830e+02
2.545540223200e+02
2.546634347470e+02
2.547662644490e+02
2.548617924000e+02
2.549635328090e+02
2.550641114220e+02
2.551541413630e+02
2.552645858890e+02
2.553648074290e+02
2.554642980500e+02
2.555545698860e+02
2.556553042320e+02
2.557964953000e+02
2.558839507000e+02
2.559919486870e+02
2.561481270580e+02
2.561800585910e+02
2.562577919710e+02
2.563684963500e+02
2.564579204670e+02
2.565563280480e+02
2.566576473080e+02
2.567604243920e+02
2.568584618600e+02
2.569570187570e+02
2.570572722440e+02
2.571675523940e+02
2.572679119660e+02
2.573562526900e+02
2.574551017110e+02
2.575676824740e+02
2.576568101150e+02
2.577595274600e+02
2.578762449090e+02
2.579576812900e+02
2.580546731440e+02
2.581566875770e+02
2.582551450890e+02
2.583693205490e+02
2.584674558040e+02
2.585568312470e+02
2.586533903310e+02
2.587576470230e+02
2.588565041660e+02
2.589565881940e+02
2.590550704940e+02
2.591576287470e+02
2.592589683610e+02
2.593557876640e+02
2.594997585950e+02
2.595836486110e+02
2.596683670250e+02
2.597666670240e+02
2.598567368860e+02
2.599545818320e+02
2.600570529280e+02
2.601542360000e+02
2.602563945340e+02
2.603712740320e+02
2.604708586470e+02
2.605580094620e+02
2.606626894530e+02
2.607570760090e+02
2.608583927820e+02
2.609581078690e+02
2.610578218220e+02
2.611700328220e+02
2.612604485160e+02
2.613583558620e+02
2.614606298930e+02
2.615626394020e+02
2.616585473030e+02
2.617580239720e+02
2.618612702770e+02
2.619592803120e+02
2.620599608330e+02
2.621602579170e+02
2.622596355620e+02
2.623492601370e+02
2.624607338940e+02
2.625602024380e+02
2.626597085730e+02
2.627504813610e+02
2.628943000800e+02
2.629886744720e+02
2.630930378070e+02
2.631737476380e+02
2.632588173930e+02
2.633604017250e+02
2.634593153620e+02
2.635585222980e+02
2.636578433400e+02
2.637619390640e+02
2.638599699630e+02
2.639599467980e+02
2.640708939290e+02
2.641603481430e+02
2.642594338540e+02
2.643498221920e+02
2.644620220350e+02
2.645615240580e+02
2.646590049060e+02
2.647585104220e+02
2.648608749190e+02
2.649584382860e+02
2.650738934810e+02
2.651603534620e+02
2.652655236580e+02
2.653640777710e+02
2.654571977430e+02
2.655532111210e+02
2.656639046980e+02
2.657757582310e+02
2.658646212510e+02
2.659553312810e+02
2.660677047100e+02
2.661651228510e+02
2.662654792320e+02
2.663650001830e+02
2.664645020510e+02
2.665538315140e+02
2.666530047130e+02
2.667579120710e+02
2.668650316190e+02
2.669673121550e+02
2.670539541010e+02
2.671673108840e+02
2.672542519670e+02
2.673655779910e+02
2.674656572540e+02
2.675653191540e+02
2.676651928020e+02
2.677544748320e+02
2.678645562560e+02
2.679537776300e+02
2.680654750950e+02
2.681547298900e+02
2.682534039930e+02
2.683639789680e+02
2.684566912060e+02
2.685648611410e+02
2.687448864870e+02
2.688022945420e+02
2.688789543550e+02
2.689586201570e+02
2.690589675060e+02
2.691588855450e+02
2.692587476910e+02
2.693603808490e+02
2.694577900450e+02
2.695500130400e+02
2.696580781370e+02
2.697574080500e+02
2.698696447080e+02
2.699676845830e+02
2.700584567910e+02
2.701588291820e+02
2.702559010420e+02
2.703575336290e+02
2.704593705880e+02
2.705564167530e+02
2.706578348520e+02
2.709050197750e+02
2.709057295350e+02
2.709913679340e+02
2.712397921180e+02
2.712398634130e+02
2.712711519150e+02
2.713713771370e+02
2.714573932660e+02
2.715625193920e+02
2.716607495970e+02
2.717604459980e+02
2.718600125880e+02
2.719579924240e+02
2.720678955750e+02
2.721577238560e+02
2.722699811800e+02
2.723580856110e+02
2.724604066990e+02
2.725583575060e+02
2.726596017460e+02
2.727589973330e+02
2.728604343380e+02
2.729598716840e+02
2.730593209210e+02
2.731666242290e+02
2.732708189380e+02
2.733592176270e+02
2.734604610090e+02
2.735593828770e+02
2.736566797260e+02
2.737582885920e+02
2.738702209690e+02
2.739494474800e+02
2.740595844760e+02
2.741593948180e+02
2.742700164460e+02
2.743509217730e+02
2.744599218970e+02
2.745606905160e+02
2.746598360640e+02
2.747601635770e+02
2.748591257080e+02
2.749613984470e+02
2.750513569310e+02
2.751477726400e+02
2.752496517030e+02
2.753594658030e+02
2.754696373460e+02
2.755598591050e+02
2.756595420620e+02
2.757592131700e+02
2.758580775220e+02
2.759613792910e+02
2.760818818490e+02
2.761700631990e+02
2.762597115750e+02
2.763808054660e+02
2.764699102610e+02
2.765609059110e+02
2.766594960760e+02
2.767618493040e+02
2.769732310590e+02
2.769914947870e+02
2.770700597390e+02
2.771592713910e+02
2.772583250780e+02
2.773651233350e+02
2.774628021100e+02
2.775603474640e+02
2.776719424960e+02
2.777612202790e+02
2.778504897490e+02
2.779610524030e+02
2.780623130200e+02
2.781590627660e+02
2.782607575400e+02
2.783597593680e+02
2.784752790690e+02
2.785618854580e+02
2.786632046820e+02
2.787633382300e+02
2.788596185860e+02
2.789830013080e+02
2.791588153090e+02
2.791813053750e+02
2.792717893110e+02
2.793629939600e+02
2.794621033690e+02
2.795628683520e+02
2.796598859340e+02
2.797626735880e+02
2.798615061030e+02
2.799649212540e+02
2.800624904660e+02
2.801617870380e+02
2.802636827410e+02
2.803613880200e+02
2.804620680030e+02
2.805677950780e+02
2.806565701950e+02
2.807651350500e+02
2.808544937280e+02
2.809641243330e+02
2.810749531670e+02
2.811562605110e+02
2.812547021600e+02
2.813541818470e+02
2.814655555180e+02
2.815543874160e+02
2.816561561610e+02
2.817642152860e+02
2.818551061030e+02
2.819693255890e+02
2.820654564130e+02
2.821641969310e+02
2.822559203160e+02
2.823550715220e+02
2.824555727210e+02
2.825556621680e+02
2.826644758680e+02
2.827648442640e+02
2.828663944850e+02
2.829719054880e+02
2.830578088930e+02
2.831680393160e+02
2.832590183200e+02
2.833580150850e+02
2.834491771410e+02
2.835576494850e+02
2.836793453300e+02
2.837794338830e+02
2.838557581750e+02
2.839686955830e+02
2.840686222820e+02
2.841581619440e+02
2.842692956970e+02
2.843594593370e+02
2.844774049850e+02
2.845705254540e+02
2.846695229070e+02
2.847682391450e+02
2.848773977790e+02
2.849895112330e+02
2.851456513700e+02
2.851677804540e+02
2.852579079470e+02
2.853610047100e+02
2.854578424610e+02
2.855610074500e+02
2.856591263410e+02
2.857585531150e+02
2.858576643940e+02
2.859594835010e+02
2.860581420010e+02
2.861493636310e+02
2.862612116040e+02
2.863579385190e+02
2.864582077180e+02
2.865563660570e+02
2.866592746070e+02
2.867568920870e+02
2.868581943510e+02
2.869587443940e+02
2.870638094080e+02
2.871850058910e+02
2.873740563000e+02
2.873929422770e+02
2.874712520470e+02
2.875617105030e+02
2.876598180880e+02
2.877599143250e+02
2.878593498370e+02
2.879616214570e+02
2.880596025860e+02
2.881647035400e+02
2.882611458120e+02
2.883613977580e+02
2.884710657550e+02
2.885599668560e+02
2.886595822290e+02
2.887626288760e+02
2.888635569220e+02
2.889613757840e+02
2.890625629140e+02
2.891391465740e+02
2.892703321920e+02
2.893389325660e+02
2.894700602730e+02
2.895279420120e+02
2.896699384740e+02
2.897397355800e+02
2.898377949820e+02
2.899361839690e+02
2.900374462620e+02
2.901488510010e+02
2.902794511140e+02
2.903289051350e+02
2.904389806610e+02
2.905414297980e+02
2.906401613250e+02
2.907409590830e+02
2.908411038390e+02
2.909462845580e+02
2.910655285500e+02
2.911341908930e+02
2.912351594710e+02
2.913757643960e+02
2.914466577850e+02
2.915317909690e+02
2.916311602890e+02
2.917349216290e+02
2.918322866060e+02
2.919396930650e+02
2.920351747700e+02
2.921631696470e+02
2.922643131620e+02
2.923250345360e+02
2.924339962150e+02
2.925754328670e+02
2.926565554060e+02
2.927364514280e+02
2.928359693520e+02
2.929844019050e+02
2.930746938950e+02
2.931341725980e+02
2.932735580680e+02
2.933635932990e+02
2.935535524330e+02
2.935844689270e+02
2.936649198810e+02
2.937695745130e+02
2.938564772200e+02
2.939689332320e+02
2.940673951870e+02
2.941688466990e+02
2.942643479840e+02
2.943676467300e+02
2.944555166650e+02
2.945549680720e+02
2.946667332720e+02
2.947690850430e+02
2.948558283340e+02
2.949561151120e+02
2.950561843920e+02
2.951670300950e+02
2.952685505350e+02
2.953542833680e+02
2.954575242650e+02
2.955669052130e+02
2.957676569600e+02
2.957883711060e+02
2.958957498180e+02
2.959986779990e+02
2.961688338080e+02
2.961902181650e+02
2.962573331480e+02
2.963577302460e+02
2.964575360590e+02
2.965561210590e+02
2.966561014610e+02
2.967568441300e+02
2.968565873630e+02
2.969662743400e+02
2.970565326310e+02
2.971554003680e+02
2.972683602600e+02
2.973566854160e+02
2.974568664120e+02
2.975582375090e+02
2.976682109050e+02
2.977564282420e+02
2.978569127290e+02
2.979685604280e+02
2.980691949700e+02
2.981775688360e+02
2.982585908690e+02
2.983561323190e+02
2.984706567520e+02
2.985666311680e+02
2.986581425000e+02
2.987577798970e+02
2.988578643540e+02
2.989579063070e+02
2.990562377230e+02
2.991565452890e+02
2.992581820750e+02
2.993574209980e+02
2.994581714570e+02
2.995583806740e+02
2.996569305180e+02
2.997568167380e+02
2.998576992400e+02
2.999577460500e+02
3.000559643440e+02
3.001685388580e+02
3.002825751510e+02
3.003600273120e+02
3.004617185670e+02
3.005505657110e+02
3.006753411100e+02
3.007646885800e+02
3.008633356940e+02
3.009637451730e+02
3.010647555450e+02
3.011521956960e+02
3.012625624670e+02
3.013512984230e+02
3.014617861750e+02
3.015635734720e+02
3.016629828780e+02
3.017674608880e+02
3.018671872100e+02
3.019640354520e+02
3.020646526060e+02
3.021535103910e+02
3.022660383430e+02
3.024435987140e+02
3.024701758410e+02
3.025634940960e+02
3.026596984860e+02
3.027639908540e+02
3.028614073020e+02
3.029587287320e+02
3.030600799270e+02
3.031615949480e+02
3.032622967100e+02
3.033591463660e+02
3.034713538380e+02
3.035585592290e+02
3.036611454100e+02
3.037635319280e+02
3.038511149210e+02
3.039594385450e+02
3.040599595050e+02
3.041598143450e+02
3.042619481940e+02
3.043602981560e+02
3.044611341510e+02
3.045909386850e+02
3.048063322250e+02
3.048064449590e+02
3.048799876190e+02
3.049580573160e+02
3.050560511880e+02
3.051587398250e+02
3.052558163450e+02
3.053600961250e+02
3.054562889750e+02
3.055588919370e+02
3.056557852800e+02
3.057600710170e+02
3.058576464230e+02
3.059556496820e+02
3.060459348940e+02
3.061562284410e+02
3.062568338800e+02
3.063553569190e+02
3.064564429740e+02
3.065678646680e+02
3.066566128490e+02
3.067654922410e+02
3.068680377950e+02
3.069573423070e+02
3.070787387660e+02
3.071662741870e+02
3.072667005900e+02
3.073574210090e+02
3.074691282730e+02
3.075556655000e+02
3.076658172580e+02
3.077549748630e+02
3.078545110020e+02
3.079694767190e+02
3.080570956800e+02
3.081659062230e+02
3.082683385160e+02
3.083574880580e+02
3.084680501920e+02
3.085626304410e+02
3.086699521590e+02
3.087595657530e+02
3.088691364650e+02
3.089590930310e+02
3.090602584570e+02
3.091495159870e+02
3.092682869580e+02
3.094257994990e+02
3.094699332570e+02
3.095634750650e+02
3.096696433910e+02
3.097583777600e+02
3.098593565700e+02
3.099639758390e+02
3.100609030690e+02
3.101613544200e+02
3.102613182140e+02
3.103621732530e+02
3.104594925720e+02
3.105616823070e+02
3.106609622870e+02
3.107639831660e+02
3.108602786370e+02
3.109621254400e+02
3.110495337880e+02
3.111616356460e+02
3.112626086820e+02
3.113622360130e+02
3.114605483130e+02
3.115610174390e+02
3.116604118090e+02
3.119181084800e+02
3.119182109240e+02
3.119643685260e+02
3.120646657310e+02
3.121652274010e+02
3.122544562000e+02
3.123530994650e+02
3.124640897880e+02
3.125652093150e+02
3.126537563640e+02
3.127639448130e+02
3.128633783340e+02
3.129632884690e+02
3.130533406070e+02
3.131670014220e+02
3.132636102830e+02
3.133642500910e+02
3.134637430780e+02
3.135652975200e+02
3.136719497480e+02
3.137640745790e+02
3.138624479510e+02
3.139622951580e+02
3.140746846260e+02
3.141957143080e+02
3.143658092360e+02
3.143937130720e+02
3.145251084600e+02
3.145710746160e+02
3.146575481380e+02
3.147599938840e+02
3.148624199650e+02
3.149598836690e+02
3.150596951150e+02
3.151595705120e+02
3.152589697070e+02
3.153592210810e+02
3.154667970150e+02
3.155650527460e+02
3.156641021010e+02
3.157546773240e+02
3.158661810830e+02
3.159541133790e+02
3.160645342400e+02
3.161535473190e+02
3.162644445940e+02
3.163741753330e+02
3.164539647470e+02
3.165634221530e+02
3.166531147490e+02
3.167663387210e+02
3.168712840930e+02
3.169578713010e+02
3.170579368030e+02
3.171593823600e+02
3.172672887030e+02
3.173649480420e+02
3.174641084090e+02
3.175638371320e+02
3.176557035310e+02
3.177664525300e+02
3.178536154210e+02
3.179634166160e+02
3.180643195050e+02
3.181522248400e+02
3.182544757550e+02
3.183626905270e+02
3.184514049910e+02
3.185539289120e+02
3.186639995320e+02
3.187649322570e+02
3.188559048690e+02
3.189649843400e+02
3.192159827430e+02
3.192160581750e+02
3.192687622330e+02
3.193672043540e+02
3.194553073240e+02
3.195561801490e+02
3.196750968260e+02
3.197554395890e+02
3.198547787730e+02
3.199557885310e+02
3.200552870230e+02
3.201661651430e+02
3.202667731490e+02
3.203542489990e+02
3.204622344610e+02
3.205645358380e+02
3.206543812160e+02
3.207547631090e+02
3.208544420810e+02
3.209553338590e+02
3.210523101010e+02
3.211536872780e+02
3.212645258730e+02
3.213530426570e+02
3.214647418720e+02
3.215750106430e+02
3.217623066470e+02
3.217902944530e+02
3.218665891430e+02
3.219655894370e+02
3.220580607860e+02
3.221567373740e+02
3.222575101370e+02
3.223641569020e+02
3.224589609350e+02
3.225591362220e+02
3.226593487180e+02
3.227674311640e+02
3.228585662950e+02
3.229571021080e+02
3.230592196080e+02
3.231578739500e+02
3.232565660650e+02
3.233572680950e+02
3.234576729110e+02
3.235588744480e+02
3.236677589890e+02
3.237576040580e+02
3.238592667410e+02
3.239572671120e+02
3.241179744090e+02
3.241695857050e+02
3.242993456750e+02
3.244624228590e+02
3.244815590610e+02
3.245774817090e+02
3.246593956910e+02
3.247685047940e+02
3.248590383370e+02
3.249484741270e+02
3.250565874180e+02
3.251668421010e+02
3.252584740830e+02
3.253585592850e+02
3.254590666260e+02
3.255686080390e+02
3.256566832330e+02
3.257576098140e+02
3.258682724160e+02
3.259560135400e+02
3.260675976030e+02
3.261572242890e+02
3.262575790270e+02
3.263660497260e+02
3.264575141630e+02
3.265578810180e+02
3.266472193490e+02
3.267689104980e+02
3.268704614930e+02
3.269657268700e+02
3.270582441150e+02
3.271575568120e+02
3.272573678520e+02
3.273579416150e+02
3.274574278860e+02
3.275677054190e+02
3.276596406810e+02
3.277580603820e+02
3.278567065750e+02
3.279552409630e+02
3.280573324210e+02
3.281679766580e+02
3.282581705490e+02
3.283579859010e+02
3.284598020360e+02
3.285617316190e+02
3.286593666710e+02
3.287595976100e+02
3.288617570790e+02
3.289595561710e+02
3.290706460890e+02
3.291700312870e+02
3.292615584960e+02
3.293603267870e+02
3.294595282870e+02
3.295642950430e+02
3.296637195000e+02
3.297680832090e+02
3.298644077430e+02
3.299591191010e+02
3.300570496720e+02
3.301584773490e+02
3.302573874190e+02
3.303560976220e+02
3.304583366870e+02
3.305678886060e+02
3.306594994640e+02
3.307372173400e+02
3.308407761050e+02
3.309460502940e+02
3.310666424210e+02
3.311668682800e+02
3.312645293460e+02
3.313355686010e+02
3.315919868640e+02
3.316143535430e+02
3.316827473060e+02
3.317633237230e+02
3.318625155260e+02
3.319631611710e+02
3.320617719550e+02
3.321622081430e+02
3.322620856350e+02
3.323613770580e+02
3.324736896200e+02
3.325616570770e+02
3.326608676420e+02
3.327624250320e+02
3.328623492140e+02
3.329666024910e+02
3.330351773620e+02
3.331728184880e+02
3.332643830230e+02
3.333648151460e+02
3.334643468720e+02
3.335654096260e+02
3.336686704540e+02
3.337725160410e+02
3.338595041550e+02
3.340729901440e+02
3.340913619540e+02
3.342045692320e+02
3.343184383510e+02
3.343862208530e+02
3.344611491500e+02
3.345629556080e+02
3.346539069240e+02
3.347608746170e+02
3.348637478290e+02
3.349610992580e+02
3.350644345560e+02
3.351636053000e+02
3.352528365260e+02
3.353594000180e+02
3.354663649860e+02
3.355650069340e+02
3.356536793520e+02
3.357529286650e+02
3.358644585920e+02
3.359637830930e+02
3.360634752290e+02
3.361629715600e+02
3.362649844740e+02
3.363646053790e+02
3.364609418450e+02
3.365542338080e+02
3.366891727000e+02
3.367737682710e+02
3.368747829850e+02
3.369528999990e+02
3.370522945880e+02
3.371653029870e+02
3.372630977740e+02
3.373529272500e+02
3.374544760460e+02
3.375538832250e+02
3.376640446440e+02
3.377626188400e+02
3.378519071290e+02
3.379650331080e+02
3.380543750850e+02
3.381653203980e+02
3.382556241660e+02
3.383647000270e+02
3.384658647870e+02
3.385539994170e+02
3.386519853500e+02
3.387630930530e+02
3.388536603940e+02
3.389890067340e+02
3.390574682410e+02
3.391688146150e+02
3.392547517170e+02
3.393581369900e+02
3.394666078790e+02
3.395548799650e+02
3.396680290690e+02
3.397666401050e+02
3.398666519570e+02
3.399574064750e+02
3.400678979520e+02
3.401558221130e+02
3.402659769800e+02
3.403560397750e+02
3.404672800370e+02
3.405551586710e+02
3.406682586810e+02
3.407563208490e+02
3.408589520850e+02
3.409531740140e+02
3.410537592380e+02
3.411593768240e+02
3.413753762790e+02
3.414015164660e+02
3.414698233670e+02
3.415603674560e+02
3.416581538310e+02
3.417589634360e+02
3.418572745510e+02
3.419684051480e+02
3.420672511820e+02
3.421623793260e+02
3.422613543910e+02
3.423720893190e+02
3.424603864800e+02
3.425609791080e+02
3.426601088980e+02
3.427612234380e+02
3.428585305210e+02
3.429582112280e+02
3.430584586570e+02
3.431556555580e+02
3.432603161510e+02
3.433597280210e+02
3.434575754700e+02
3.435601127310e+02
3.436642258610e+02
3.437680811320e+02
3.438976599920e+02
3.440284796780e+02
3.440682374890e+02
3.441585916500e+02
3.442567854450e+02
3.443561284170e+02
3.444684753550e+02
3.445572532380e+02
3.446592113420e+02
3.447568215450e+02
3.448595025020e+02
3.449718067490e+02
3.450698590320e+02
3.451604928500e+02
3.452599660000e+02
3.453702165800e+02
3.454582055360e+02
3.455684334400e+02
3.456588753930e+02
3.457562665910e+02
3.458617565190e+02
3.459560764050e+02
3.460561568930e+02
3.461592412640e+02
3.462616722460e+02
3.463701000120e+02
3.464595078360e+02
3.465480011050e+02
3.466584944440e+02
3.467491483710e+02
3.468693772290e+02
3.469591998810e+02
3.470591347750e+02
3.471568347880e+02
3.472567617750e+02
3.473585035940e+02
3.474582157080e+02
3.475585333330e+02
3.476595759130e+02
3.477570206610e+02
3.478594170920e+02
3.479588840900e+02
3.480575058920e+02
3.481593915710e+02
3.482587144600e+02
3.483590072390e+02
3.484571901110e+02
3.485591532540e+02
3.486601662190e+02
3.487577763140e+02
3.488694488460e+02
3.489566242190e+02
3.490613792980e+02
3.491691521070e+02
3.492593701820e+02
3.493545639790e+02
3.494578416270e+02
3.495676608620e+02
3.496587197900e+02
3.497583042110e+02
3.498627579790e+02
3.499584921750e+02
3.500618209470e+02
3.501586368980e+02
3.502711055910e+02
3.503589780640e+02
3.504610601590e+02
3.505592495600e+02
3.506594869170e+02
3.507563509170e+02
3.508560499080e+02
3.509591785880e+02
3.510562024760e+02
3.512194258790e+02
3.512600837880e+02
3.513569711870e+02
3.514485960070e+02
3.515591587050e+02
3.516720980900e+02
3.517610253340e+02
3.518483369180e+02
3.519573991520e+02
3.520597384240e+02
3.521595099700e+02
3.522589914120e+02
3.523573701920e+02
3.524590749380e+02
3.525601894110e+02
3.526693515610e+02
3.527596376030e+02
3.528587885650e+02
3.529579194590e+02
3.530584434620e+02
3.531582819980e+02
3.532586915160e+02
3.533587148340e+02
3.534597813770e+02
3.537104275780e+02
3.537104816300e+02
3.537687657750e+02
3.539003886180e+02
3.539621130630e+02
3.540595331260e+02
3.541598008900e+02
3.542565802480e+02
3.543603496590e+02
3.544587692410e+02
3.545684850870e+02
3.546728175750e+02
3.547610430230e+02
3.548713934980e+02
3.549603960120e+02
3.550598225510e+02
3.551587419500e+02
3.552606679750e+02
3.553577404800e+02
3.554683654180e+02
3.555599798750e+02
3.556588853280e+02
3.557619330410e+02
3.558586897290e+02
3.559699377620e+02
3.560590036850e+02
3.561705512830e+02
3.562585952060e+02
3.563664634240e+02
3.565596589890e+02
3.565843205610e+02
3.566740345330e+02
3.567608267390e+02
3.568504560510e+02
3.569590521690e+02
3.570610996420e+02
3.571596454230e+02
3.572606970280e+02
3.573609132820e+02
3.574603454710e+02
3.575602960880e+02
3.576595863430e+02
3.577603597420e+02
3.578597903690e+02
3.579615889640e+02
3.580618931570e+02
3.581503477960e+02
3.582606794070e+02
3.583601964090e+02
3.584626236130e+02
3.585610454330e+02
3.586645756390e+02
3.587489401730e+02
3.588607600990e+02
3.589789043090e+02
3.590628965330e+02
3.591615580880e+02
3.592623388810e+02
3.593650336220e+02
3.594642950800e+02
3.595713400440e+02
3.596720862070e+02
3.597600292950e+02
3.598577584200e+02
3.599472197930e+02
3.600594498500e+02
3.601486175690e+02
3.602571748890e+02
3.603595140070e+02
3.604585799410e+02
3.605586241140e+02
3.606684697130e+02
3.607581111450e+02
3.608611327620e+02
3.609583809060e+02
3.610588007930e+02
3.611469022170e+02
3.612598412730e+02
3.613585693360e+02
3.614873240500e+02
3.617223392370e+02
3.617225308800e+02
3.617727275980e+02
3.618600107730e+02
3.619609199250e+02
3.620594159490e+02
3.621591512540e+02
3.622617474190e+02
3.623695240860e+02
3.624583878170e+02
3.625595148800e+02
3.626579568520e+02
3.627673028920e+02
3.628610649710e+02
3.629585733810e+02
3.630704556850e+02
3.631602691380e+02
3.632599851080e+02
3.633593173570e+02
3.634600502980e+02
3.635706383030e+02
3.636593555950e+02
3.637700726250e+02
3.638576292470e+02
3.639630313700e+02
3.640828464040e+02
3.641850316100e+02
3.644164419760e+02
3.644165272370e+02
3.644619680450e+02
3.645595615460e+02
3.646609426620e+02
3.647608321030e+02
3.648762933880e+02
3.649619276480e+02
3.650616644420e+02
3.651599965920e+02
3.652499664800e+02
3.653623071460e+02
3.654623149010e+02
3.655615694700e+02
3.656626036310e+02
3.657600190100e+02
3.658525246700e+02
3.659503791740e+02
3.660623566990e+02
3.661618321270e+02
3.662619832710e+02
3.663617276290e+02
3.664626165640e+02
3.665614259830e+02
3.666626767930e+02
3.667514721980e+02
3.668787159390e+02
3.669706894770e+02
3.670645014450e+02
3.671624183060e+02
3.672524640310e+02
3.673648488520e+02
3.674618086150e+02
3.675618249330e+02
3.676620942350e+02
3.677640203390e+02
3.678653383070e+02
3.679523872310e+02
3.680535502330e+02
3.681608427490e+02
3.682627803660e+02
3.683628215690e+02
3.684616254030e+02
3.685640719660e+02
3.686637284370e+02
3.687624979960e+02
3.688642467290e+02
3.689656336120e+02
3.690633820730e+02
3.691528727120e+02
3.692635291260e+02
3.693613723830e+02
3.694738927430e+02
3.695623783130e+02
3.696630031200e+02
3.697567249430e+02
3.698543040090e+02
3.699660162510e+02
3.700658149780e+02
3.701682752950e+02
3.702578346390e+02
3.703572843020e+02
3.704562882390e+02
3.705674103070e+02
3.706568203140e+02
3.707659122370e+02
3.708570119030e+02
3.709578937060e+02
3.710532464170e+02
3.711561899070e+02
3.712567949720e+02
3.713566195480e+02
3.714567867960e+02
3.715621326140e+02
3.716599405910e+02
3.717599919320e+02
3.719561271140e+02
3.719867364000e+02
3.720743933680e+02
3.721651701940e+02
3.722657292750e+02
3.723320898320e+02
3.724649464910e+02
3.725660619770e+02
3.726633811060e+02
3.727557973960e+02
3.728642604190e+02
3.729632401390e+02
3.730638847560e+02
3.731537533110e+02
3.732629032680e+02
3.733375095260e+02
3.734724061550e+02
3.735661152570e+02
3.736546786760e+02
3.737632396330e+02
3.738625540860e+02
3.739633283830e+02
3.740699536870e+02
3.741557925950e+02
3.742572875180e+02
3.743856227170e+02
3.745649321620e+02
3.745878480430e+02
3.746971778460e+02
3.748580092510e+02
3.748692731610e+02
3.749702984680e+02
3.750560575780e+02
3.751692050080e+02
3.752585250810e+02
3.753574394050e+02
3.754574542570e+02
3.755565063820e+02
3.756681055100e+02
3.757571183420e+02
3.758585980420e+02
3.759671899300e+02
3.760562584830e+02
3.761582862260e+02
3.762574346720e+02
3.763587032850e+02
3.764570537190e+02
3.765588140430e+02
3.766577894900e+02
3.767683117340e+02
3.768574518620e+02
3.769566382470e+02
3.770571852870e+02
3.771576645690e+02
3.772668245190e+02
3.773624090960e+02
3.775300716110e+02
3.775688076080e+02
3.776709711070e+02
3.777590618240e+02
3.778671787890e+02
3.779571295340e+02
3.780593018770e+02
3.781742651060e+02
3.782612519540e+02
3.783612343060e+02
3.784624323740e+02
3.785528724080e+02
3.786606662110e+02
3.787616716680e+02
3.788620903540e+02
3.789602632310e+02
3.790600129260e+02
3.791622435710e+02
3.792592940580e+02
3.793603143750e+02
3.794503476010e+02
3.795650670020e+02
3.796614633680e+02
3.797645163910e+02
3.798631897870e+02
3.799617614790e+02
3.800766596870e+02
3.801612660480e+02
3.802533903350e+02
3.803617485030e+02
3.804602373840e+02
3.805585366550e+02
3.806621382890e+02
3.807601260890e+02
3.808635052280e+02
3.809611383440e+02
3.810616468630e+02
3.811620382400e+02
3.812614496470e+02
3.813601692340e+02
3.814618059220e+02
3.815600706200e+02
3.816627937000e+02
3.817624879650e+02
3.818633385720e+02
3.819580287290e+02
3.820606622680e+02
3.821608304580e+02
3.822613091580e+02
3.823599692030e+02
3.824605094870e+02
3.825605110090e+02
3.826616761890e+02
3.827806263270e+02
3.829962329560e+02
3.829969388530e+02
3.830631873880e+02
3.831630976550e+02
3.832612461240e+02
3.833641434150e+02
3.834630396520e+02
3.835625738300e+02
3.836628148450e+02
3.837623511840e+02
3.838611051970e+02
3.839618175680e+02
3.840514054800e+02
3.841608026220e+02
3.842628256960e+02
3.843623329260e+02
3.844621130070e+02
3.845616243230e+02
3.846622571640e+02
3.847625255160e+02
3.848647153040e+02
3.849619145160e+02
3.850633755440e+02
3.851629233750e+02
3.852724095270e+02
3.853623876380e+02
3.854606806700e+02
3.855629326040e+02
3.857580840670e+02
3.857810349780e+02
3.859035887840e+02
3.861041289500e+02
3.861042638250e+02
3.861871168080e+02
3.862661727860e+02
3.863676891320e+02
3.864658146030e+02
3.865570555090e+02
3.866548921770e+02
3.867660213120e+02
3.868582300550e+02
3.869534750820e+02
3.870537250530e+02
3.871637190300e+02
3.872527924530e+02
3.873546365620e+02
3.874645811640e+02
3.875550048110e+02
3.876760377480e+02
3.877652019690e+02
3.878643255910e+02
3.879539545070e+02
3.880547080170e+02
3.881667938970e+02
3.882562816070e+02
3.883569336210e+02
3.884561784530e+02
3.885537325650e+02
3.886655892990e+02
3.887642720820e+02
3.888561655380e+02
3.889555591610e+02
3.890565907910e+02
3.891668434450e+02
3.892562605170e+02
3.893532069150e+02
3.894534688140e+02
3.895680059180e+02
3.896562888340e+02
3.897544935030e+02
3.898579703090e+02
3.899642919370e+02
3.900639647980e+02
3.901655162680e+02
3.902545555030e+02
3.903556645600e+02
3.904581335480e+02
3.905659087250e+02
3.906575123330e+02
3.907532304870e+02
3.908537470260e+02
3.909557066460e+02
3.910672443680e+02
3.911650190420e+02
3.912548862250e+02
3.913514769710e+02
3.914611355900e+02
3.915673323810e+02
3.916566620000e+02
3.917573287460e+02
3.918677621310e+02
3.919574057800e+02
3.920579290270e+02
3.921574018310e+02
3.922562791010e+02
3.923561247910e+02
3.924568804410e+02
3.925634543080e+02
3.926625304640e+02
3.927594688520e+02
3.928608452570e+02
3.929606004650e+02
3.930621410980e+02
3.931512404020e+02
3.932605057060e+02
3.933612222050e+02
3.934623991310e+02
3.936925467190e+02
3.936926321200e+02
3.937630212370e+02
3.938620582030e+02
3.939604809580e+02
3.940504677610e+02
3.941612497320e+02
3.942719335660e+02
3.943684327910e+02
3.944544539460e+02
3.945536546630e+02
3.946667965290e+02
3.947556953800e+02
3.948652373330e+02
3.949649935560e+02
3.950599559870e+02
3.951569365850e+02
3.952564688820e+02
3.953592901220e+02
3.954577940900e+02
3.955591600960e+02
3.956568555230e+02
3.957555068400e+02
3.958570474990e+02
3.959574782460e+02
3.960560146350e+02
3.962158149480e+02
3.962674443040e+02
3.963794602240e+02
3.965168935520e+02
3.965809369340e+02
3.966594635390e+02
3.967574063610e+02
3.968589829850e+02
3.969567149870e+02
3.970566533150e+02
3.971559840280e+02
3.972699482670e+02
3.973593734150e+02
3.974597202330e+02
3.975580877850e+02
3.976588263410e+02
3.977581065510e+02
3.978582851680e+02
3.979600642240e+02
3.980589515440e+02
3.981581466660e+02
3.982658691110e+02
3.983566965970e+02
3.984581858370e+02
3.985562459030e+02
3.986574549800e+02
3.987668050200e+02
3.988569241830e+02
3.989582853030e+02
3.990587819800e+02
3.992220561410e+02
3.992726856240e+02
3.993580868590e+02
3.994694670220e+02
3.995594997150e+02
3.996596172670e+02
3.997683550170e+02
3.998588521830e+02
3.999586579320e+02
4.000599910280e+02
4.001600039950e+02
4.002563932690e+02
4.003584407450e+02
4.004609923660e+02
4.005593551690e+02
4.006561962290e+02
4.007579654600e+02
4.008578989150e+02
4.009573792090e+02
4.010583314170e+02
4.011582116590e+02
4.012474149020e+02
4.013585467560e+02
4.014586036410e+02
4.015591303210e+02
4.016670530500e+02
4.017585843920e+02
4.018604250540e+02
4.019589193280e+02
4.020590991190e+02
4.021563852650e+02
4.022576312150e+02
4.023581895110e+02
4.024583596100e+02
4.025574918570e+02
4.026508339640e+02
4.027577363220e+02
4.028574240660e+02
4.029563453170e+02
4.030573567980e+02
4.031569635780e+02
4.032580900140e+02
4.033595156270e+02
4.034688346760e+02
4.035574404910e+02
4.036610744120e+02
4.037579289170e+02
4.038581834880e+02
4.039507627920e+02
4.040588658120e+02
4.043532829160e+02
4.043537111770e+02
4.043816491690e+02
4.044697515000e+02
4.045586169360e+02
4.046587956470e+02
4.047597852680e+02
4.048594682620e+02
4.049577946660e+02
4.050619827750e+02
4.051599827880e+02
4.052593800770e+02
4.053585531350e+02
4.054599253830e+02
4.055586868720e+02
4.056492497510e+02
4.057608088830e+02
4.058587816130e+02
4.059600088750e+02
4.060594790010e+02
4.061574942230e+02
4.062600520350e+02
4.063633319150e+02
4.064603757420e+02
4.065612497610e+02
4.066594229530e+02
4.067605395680e+02
4.068707699160e+02
4.069830679520e+02
4.071721228590e+02
4.071949756300e+02
4.072722760670e+02
4.073607562130e+02
4.074624974230e+02
4.075603796720e+02
4.076615114260e+02
4.077610531030e+02
4.078665658560e+02
4.079636581460e+02
4.080626838280e+02
4.081524827820e+02
4.082625286780e+02
4.083579745880e+02
4.084505753340e+02
4.085629863640e+02
4.086510106530e+02
4.087538496870e+02
4.088617676190e+02
4.089642241540e+02
4.090613176260e+02
4.091541099750e+02
4.092609313830e+02
4.093608207960e+02
4.094629690340e+02
4.095634672810e+02
4.096623537790e+02
4.097622471880e+02
4.098737555130e+02
4.099635248270e+02
4.100631558410e+02
4.101625539390e+02
4.102623842190e+02
4.103621122830e+02
4.104521934990e+02
4.105532220410e+02
4.106633819240e+02
4.107331226590e+02
4.108317496160e+02
4.109317997930e+02
4.110612494780e+02
4.111516249670e+02
4.112690967750e+02
4.113688060150e+02
4.114558641750e+02
4.115554464930e+02
4.116660721100e+02
4.117710219010e+02
4.118602956660e+02
4.119689088000e+02
4.120583921880e+02
4.121720350640e+02
4.122592083700e+02
4.123706688770e+02
4.124699863260e+02
4.125492912670e+02
4.126613632310e+02
4.127688536810e+02
4.128574236150e+02
4.129576447090e+02
4.130646497410e+02
4.131625896940e+02
4.132617890500e+02
4.133649493720e+02
4.134631535960e+02
4.135626604740e+02
4.136632566880e+02
4.137640406620e+02
4.138536877850e+02
4.139739831120e+02
4.140648202960e+02
4.141688929750e+02
4.142674486220e+02
4.143669130910e+02
4.144665827260e+02
4.145553789310e+02
4.146681105440e+02
4.147552094410e+02
4.148691937480e+02
4.149587392520e+02
4.151173531480e+02
4.151743667170e+02
4.152615594710e+02
4.153617346200e+02
4.154607389310e+02
4.155506039720e+02
4.156631233260e+02
4.157719216560e+02
4.158604638320e+02
4.159616825750e+02
4.160640537980e+02
4.161630541100e+02
4.162646055030e+02
4.163621237740e+02
4.164525659480e+02
4.165629970650e+02
4.166622201010e+02
4.167716046890e+02
4.168622685200e+02
4.169608499200e+02
4.170601279670e+02
4.171635837250e+02
4.172626500330e+02
4.173609496620e+02
4.174610125400e+02
4.175607821850e+02
4.176752559390e+02
4.179021132640e+02
4.179021964620e+02
4.179799452070e+02
4.180870500700e+02
4.182269981210e+02
4.182754780030e+02
4.183623133880e+02
4.184532842200e+02
4.185643262220e+02
4.186674492070e+02
4.187651467570e+02
4.188643949180e+02
4.189558882900e+02
4.190522625720e+02
4.191671301330e+02
4.192561080710e+02
4.193661015880e+02
4.194653405380e+02
4.195630382530e+02
4.196665423950e+02
4.197650700120e+02
4.198657933360e+02
4.199646260810e+02
4.200681244890e+02
4.201653041380e+02
4.202642448600e+02
4.203659459410e+02
4.204573563530e+02
4.205629325910e+02
4.206607151200e+02
4.207622210190e+02
4.208604610850e+02
4.210166136010e+02
4.210682397230e+02
4.211559979520e+02
4.212587172800e+02
4.213658647150e+02
4.214672597940e+02
4.215572896970e+02
4.216705546760e+02
4.217667403520e+02
4.218652183440e+02
4.219669041290e+02
4.220678981940e+02
4.221565616750e+02
4.222542827380e+02
4.223584153040e+02
4.224273585410e+02
4.225754358830e+02
4.226631935560e+02
4.227333398250e+02
4.228714981170e+02
4.229649800220e+02
4.230657478350e+02
4.231525060790e+02
4.232632477320e+02
4.233627365260e+02
4.234664090910e+02
4.235676755400e+02
4.236780182870e+02
4.237664637140e+02
4.238665850900e+02
4.239665583070e+02
4.240712954040e+02
4.241621821450e+02
4.242588831760e+02
4.243597871090e+02
4.244605186210e+02
4.245705868920e+02
4.246307726530e+02
4.247682949680e+02
4.248707004260e+02
4.249310290970e+02
4.250562324910e+02
4.251692773570e+02
4.252682836360e+02
4.253603222840e+02
4.254596847420e+02
4.255593110930e+02
4.256592328130e+02
4.257289043610e+02
4.258710868470e+02
4.259674602700e+02
4.260573092650e+02
4.261727556480e+02
4.262594318460e+02
4.264073507690e+02
4.266170073600e+02
4.266170892650e+02
4.266476078460e+02
4.267356910420e+02
4.268840311190e+02
4.269616174010e+02
4.270607467930e+02
4.271717025920e+02
4.272596414710e+02
4.273596721290e+02
4.274598612650e+02
4.275713862530e+02
4.276616567170e+02
4.277619133760e+02
4.278596534000e+02
4.279600384310e+02
4.280634367520e+02
4.281605211510e+02
4.282733181150e+02
4.283611753840e+02
4.284616533980e+02
4.285726194500e+02
4.286598804000e+02
4.287586718190e+02
4.288605280880e+02
4.289613804890e+02
4.290619164010e+02
4.291681325390e+02
4.292772819130e+02
4.293867037510e+02
4.296128144390e+02
4.296133732370e+02
4.296657525660e+02
4.297708553930e+02
4.298597142300e+02
4.299580134510e+02
4.300575696670e+02
4.301583381310e+02
4.302586315150e+02
4.303575283110e+02
4.304597190160e+02
4.305686575200e+02
4.306593860780e+02
4.307693134280e+02
4.308585094740e+02
4.309615121860e+02
4.310595064610e+02
4.311595954630e+02
4.312570430290e+02
4.313580734590e+02
4.314589952330e+02
4.315694566160e+02
4.316585542050e+02
4.317591282100e+02
4.318691200050e+02
4.319598859060e+02
4.320607288010e+02
4.321747695730e+02
4.322637049720e+02
4.323632957500e+02
4.324636966730e+02
4.325525802540e+02
4.326663297580e+02
4.327620894710e+02
4.328633243470e+02
4.329644439840e+02
4.330652453910e+02
4.331625691040e+02
4.332543764020e+02
4.333615119120e+02
4.334520751850e+02
4.335525087840e+02
4.336633262470e+02
4.337518918630e+02
4.338639951340e+02
4.339612684480e+02
4.340675098880e+02
4.341639163820e+02
4.342562291750e+02
4.343517774710e+02
4.344539140660e+02
4.345633598290e+02
4.346524727600e+02
4.347559119080e+02
4.348527603580e+02
4.349648441030e+02
4.350643961260e+02
4.351645968280e+02
4.352677101050e+02
4.353558746940e+02
4.354637516880e+02
4.355678199460e+02
4.356522113720e+02
4.357704109250e+02
4.358609189040e+02
4.359587230550e+02
4.360605408880e+02
4.361588570390e+02
4.362670206430e+02
4.363601069850e+02
4.364571995490e+02
4.365616819630e+02
4.366602070710e+02
4.367606195480e+02
4.368605563580e+02
4.369654152700e+02
4.370630743090e+02
4.371639804120e+02
4.373220936770e+02
4.373748938330e+02
4.374627747000e+02
4.375665695240e+02
4.376629628960e+02
4.377645646080e+02
4.378538141640e+02
4.379652526190e+02
4.380635284080e+02
4.381622883570e+02
4.382619166140e+02
4.383671909740e+02
4.384523512550e+02
4.385627697170e+02
4.386587371660e+02
4.387619118950e+02
4.388635840160e+02
4.389629081620e+02
4.390742268480e+02
4.391633752140e+02
4.392629921900e+02
4.393613736210e+02
4.394624172720e+02
4.395610747700e+02
4.396628989440e+02
4.397529899860e+02
4.398622007480e+02
4.399661106970e+02
4.401625231600e+02
4.401861907510e+02
4.403099490670e+02
4.403807630160e+02
4.404972187370e+02
4.405752954890e+02
4.406626575070e+02
4.407504261790e+02
4.408664051070e+02
4.409632740700e+02
4.410640149760e+02
4.411623145370e+02
4.412620591520e+02
4.413611351940e+02
4.414624415770e+02
4.415692227760e+02
4.416579217570e+02
4.417659150550e+02
4.418662962870e+02
4.419542499030e+02
4.420563007860e+02
4.421590941050e+02
4.422563642800e+02
4.423534581620e+02
4.424555339720e+02
4.425547426960e+02
4.426560098000e+02
4.427559988670e+02
4.428519055540e+02
4.429644233810e+02
4.430541688620e+02
4.431666622520e+02
4.432876383730e+02
4.433848645230e+02
4.434654369010e+02
4.435559917840e+02
4.436556056820e+02
4.437557411240e+02
4.438665467710e+02
4.439554186730e+02
4.440567166420e+02
4.441528261790e+02
4.442571837760e+02
4.443554366830e+02
4.444453787730e+02
4.445628524710e+02
4.446556997570e+02
4.447549699270e+02
4.448651912630e+02
4.449548570250e+02
4.450552047840e+02
4.451559482640e+02
4.452687718070e+02
4.453598584470e+02
4.454591991210e+02
4.455549042090e+02
4.456653799040e+02
4.457636470400e+02
4.458666820840e+02
4.459557543230e+02
4.460691591790e+02
4.461657958400e+02
4.462552192280e+02
4.463561535900e+02
4.464667409910e+02
4.465600630930e+02
4.466690713900e+02
4.467560373980e+02
4.468585118530e+02
4.469685220590e+02
4.470582129810e+02
4.471561893210e+02
4.472566186980e+02
4.473563174200e+02
4.474596369860e+02
4.475572984740e+02
4.476666480730e+02
4.477678542840e+02
4.478559434040e+02
4.479557775900e+02
4.480680819880e+02
4.481579461290e+02
4.482584272480e+02
4.483570594540e+02
4.484543593350e+02
4.485559259690e+02
4.486866377130e+02
4.489127117010e+02
4.489127793590e+02
4.489686447260e+02
4.490759348670e+02
4.491547117150e+02
4.492628025640e+02
4.493593861720e+02
4.494592943610e+02
4.495732256830e+02
4.496603949650e+02
4.497583672230e+02
4.498662898050e+02
4.499616695210e+02
4.500641850910e+02
4.501611441030e+02
4.502531242390e+02
4.503648332550e+02
4.504568746280e+02
4.505613989830e+02
4.506647904220e+02
4.507605703730e+02
4.508511510790e+02
4.509629472880e+02
4.510605898460e+02
4.511621897770e+02
4.512517986580e+02
4.513515545470e+02
4.514596128500e+02
4.516520321900e+02
4.516842025740e+02
4.517930070640e+02
4.518840066950e+02
4.519802741660e+02
4.520809416030e+02
4.521594704680e+02
4.522676305690e+02
4.523613064410e+02
4.524632908330e+02
4.525591319060e+02
4.526606268330e+02
4.527518693670e+02
4.528619737980e+02
4.529608627520e+02
4.530600370780e+02
4.531617484060e+02
4.532660987230e+02
4.533522552030e+02
4.534523099040e+02
4.535637860390e+02
4.536536877480e+02
4.537527079580e+02
4.538544405260e+02
4.539528534120e+02
4.540632233350e+02
4.541619586120e+02
4.542503474770e+02
4.543514248520e+02
4.544607954980e+02
4.545612134590e+02
4.546616266130e+02
4.547522429910e+02
4.548679906650e+02
4.549514312730e+02
4.550525926260e+02
4.551514784510e+02
4.552613357010e+02
4.553528860020e+02
4.554406498510e+02
4.555510675870e+02
4.556522609060e+02
4.557501685690e+02
4.558522014340e+02
4.559533464980e+02
4.560530260700e+02
4.561505665850e+02
4.562623190280e+02
4.563500667940e+02
4.564492821330e+02
4.565529858490e+02
4.566600261310e+02
4.567508098350e+02
4.568606040810e+02
4.569614092570e+02
4.570628889470e+02
4.571621200350e+02
4.572659159160e+02
4.573330086900e+02
