1.310000000000e-07
7.366050600000e-02
1.708978630000e-01
2.584664400000e-01
3.706974440000e-01
4.621346480000e-01
5.697101160000e-01
6.581945590000e-01
7.734686810000e-01
8.733687970000e-01
9.597350320000e-01
1.061405182000e+00
1.158864538000e+00
1.264108716000e+00
1.368947435000e+00
1.470023669000e+00
1.571125932000e+00
1.658427828000e+00
1.769095628000e+00
1.860574404000e+00
1.972892633000e+00
2.073024443000e+00
2.158069897000e+00
2.262097020000e+00
2.360389711000e+00
2.460357393000e+00
2.561253752000e+00
2.660600102000e+00
2.762395578000e+00
2.874183079000e+00
2.964041049000e+00
3.074804831000e+00
3.169920526000e+00
3.272289467000e+00
3.360636225000e+00
3.461808490000e+00
3.569115081000e+00
3.670237372000e+00
3.771686462000e+00
3.872841021000e+00
3.961802266000e+00
4.070201107000e+00
4.173822724000e+00
4.273805023000e+00
4.364320157000e+00
4.461982667000e+00
4.562349517000e+00
4.660500727000e+00
4.768613605000e+00
4.870967458000e+00
4.968981753000e+00
5.069049265000e+00
5.169161764000e+00
5.267432482000e+00
5.368744769000e+00
5.466324331000e+00
5.565245555000e+00
5.667898822000e+00
5.764964525000e+00
5.863607705000e+00
5.964272150000e+00
6.067395729000e+00
6.169075914000e+00
6.263974602000e+00
6.364180442000e+00
6.468125841000e+00
6.571076511000e+00
6.660008275000e+00
6.772893041000e+00
6.862396703000e+00
6.972487773000e+00
7.073176769000e+00
7.170381838000e+00
7.267499469000e+00
7.379438318000e+00
7.456150631000e+00
7.569679073000e+00
7.661575399000e+00
7.769342377000e+00
7.869366712000e+00
7.966842437000e+00
8.069269484000e+00
8.159197169000e+00
8.268788909000e+00
8.367533106000e+00
8.466415286000e+00
8.569930298000e+00
8.669336549000e+00
8.768413925000e+00
8.868183393000e+00
8.977782594000e+00
9.076239876000e+00
9.176006306000e+00
9.263509315000e+00
9.362847180000e+00
9.468005229000e+00
9.575659230000e+00
9.665768539000e+00
9.764316702000e+00
9.866356472000e+00
9.967721305000e+00
1.006937554700e+01
1.016909659000e+01
1.027522132300e+01
1.037013254200e+01
1.047015249900e+01
1.057166310800e+01
1.067316059200e+01
1.077338694100e+01
1.087389450200e+01
1.099022896800e+01
1.107554194600e+01
1.116994530100e+01
1.126804429200e+01
1.136955262300e+01
1.147056414000e+01
1.157232266200e+01
1.168557563400e+01
1.177669387600e+01
1.187659326600e+01
1.196785898100e+01
1.206954605000e+01
1.217023248300e+01
1.228101228800e+01
1.237510110800e+01
1.247046531900e+01
1.256808084300e+01
1.265796946900e+01
1.278566891100e+01
1.287899967200e+01
1.297700006800e+01
1.307055834400e+01
1.317208560900e+01
1.327100918100e+01
1.337061529500e+01
1.346956169900e+01
1.357086368400e+01
1.366245311300e+01
1.376334347800e+01
1.387260394000e+01
1.397856924500e+01
1.406519968500e+01
1.416513558700e+01
1.427803038100e+01
1.437784909400e+01
1.447512224100e+01
1.456542513800e+01
1.466794755800e+01
1.476628221300e+01
1.486825605300e+01
1.497194377900e+01
1.506991237700e+01
1.517081932500e+01
1.527269516200e+01
1.537550565500e+01
1.546964890100e+01
1.557433987600e+01
1.566563021300e+01
1.578196911900e+01
1.587140751600e+01
1.597084655500e+01
1.606304912700e+01
1.617655107900e+01
1.628012540600e+01
1.636861746300e+01
1.646817930400e+01
1.656954164700e+01
1.666977086400e+01
1.677169485400e+01
1.687593835600e+01
1.697459769800e+01
1.707759345200e+01
1.717374463300e+01
1.726808829900e+01
1.737247974600e+01
1.747572185100e+01
1.757655408900e+01
1.766372640900e+01
1.777767304000e+01
1.788128298500e+01
1.797486779800e+01
1.807758916100e+01
1.818728949500e+01
1.827913594900e+01
1.837049347000e+01
1.846951351200e+01
1.857114313100e+01
1.867091196500e+01
1.877265075900e+01
1.888578258200e+01
1.898066811800e+01
1.907352832600e+01
1.917298290700e+01
1.927233646200e+01
1.936426254800e+01
1.948020747400e+01
1.956908595100e+01
1.967091345500e+01
1.978696622700e+01
1.986650893100e+01
1.997374801700e+01
2.006788628500e+01
2.017960682700e+01
2.027401088900e+01
2.037354930700e+01
2.047443824700e+01
2.056796702700e+01
2.066921384500e+01
2.077011480300e+01
2.087077159100e+01
2.097207238100e+01
2.107696270700e+01
2.118146596600e+01
2.127471937600e+01
2.137244411700e+01
2.146688128600e+01
2.157176765800e+01
2.167557286200e+01
2.178206928600e+01
2.187746062500e+01
2.197744060600e+01
2.206853382600e+01
2.216847233800e+01
2.226858602800e+01
2.237275445600e+01
2.247506685900e+01
2.257048924900e+01
2.267652931400e+01
2.276594510500e+01
2.286858648600e+01
2.297349690400e+01
2.307216800700e+01
2.317830201800e+01
2.327067143500e+01
2.337287365600e+01
2.347416400300e+01
2.357500864400e+01
2.366478096300e+01
2.377796667000e+01
2.388251146300e+01
2.397930719300e+01
2.407045738200e+01
2.417175188500e+01
2.427571377600e+01
2.436464476100e+01
2.447376854600e+01
2.456896853300e+01
2.467460242800e+01
2.477713078500e+01
2.486912958800e+01
2.498391438500e+01
2.507739840800e+01
2.518212482900e+01
2.527326638000e+01
2.538622604400e+01
2.546569572900e+01
2.556727218900e+01
2.567638720800e+01
2.578298462900e+01
2.587677650500e+01
2.597831312800e+01
2.606999173300e+01
2.617288104700e+01
2.627428577400e+01
2.637378168000e+01
2.647429698700e+01
2.657543838400e+01
2.666667325900e+01
2.677737835500e+01
2.686952379200e+01
2.696017044400e+01
2.707221203000e+01
2.717660050400e+01
2.726660607300e+01
2.736651058200e+01
2.746944574500e+01
2.756900851300e+01
2.766949676900e+01
2.776978106700e+01
2.787289911600e+01
2.797521685000e+01
2.806682252200e+01
2.817532202900e+01
2.827848901600e+01
2.836734409600e+01
2.846951069900e+01
2.857216255100e+01
2.867399584700e+01
2.877577443300e+01
2.886673843500e+01
2.897655539200e+01
2.906813059000e+01
2.916957486500e+01
2.927426670400e+01
2.937483108400e+01
2.947931707900e+01
2.956955139300e+01
2.966128620400e+01
2.977282966500e+01
2.987238829100e+01
2.997461890600e+01
3.007765348600e+01
3.016677427400e+01
3.026725258100e+01
3.036840196400e+01
3.047090159400e+01
3.057182387800e+01
3.067308835400e+01
3.077306751500e+01
3.086901830500e+01
3.097078064500e+01
3.107361292400e+01
3.116535840400e+01
3.126752189400e+01
3.136835688300e+01
3.146837353900e+01
3.157098831800e+01
3.167638541100e+01
3.177758928300e+01
3.186963084200e+01
3.198074751200e+01
3.208557747600e+01
3.216698646800e+01
3.226975255500e+01
3.237001904700e+01
3.247377437500e+01
3.257567828200e+01
3.266651372400e+01
3.276770686800e+01
3.286899114700e+01
3.297173368600e+01
3.307435385800e+01
3.317409790100e+01
3.326585432100e+01
3.336590891300e+01
3.346575765900e+01
3.357116719500e+01
3.367061340500e+01
3.376292737700e+01
3.386315530300e+01
3.396516930400e+01
3.406581483200e+01
3.416600025800e+01
3.427900659600e+01
3.436874963500e+01
3.447205160700e+01
3.456298177300e+01
3.468228282400e+01
3.476209368800e+01
3.487321609400e+01
3.498253123600e+01
3.507238059400e+01
3.517412346800e+01
3.526458209900e+01
3.536585060700e+01
3.546845324500e+01
3.558630140000e+01
3.566798108500e+01
3.576769829900e+01
3.587091398600e+01
3.597365301500e+01
3.607436332600e+01
3.617607750200e+01
3.627812841900e+01
3.636956998900e+01
3.648201211900e+01
3.657152926800e+01
3.666353353300e+01
3.678633207200e+01
3.686499867100e+01
3.697053751900e+01
3.707136294600e+01
3.717256133600e+01
3.727239435700e+01
3.737656039100e+01
3.746907908400e+01
3.757030642100e+01
3.767344988700e+01
3.777614058100e+01
3.787082563700e+01
3.797092084500e+01
3.807224547200e+01
3.817534717800e+01
3.827810576700e+01
3.836884705100e+01
3.846900740400e+01
3.857167250500e+01
3.867018733500e+01
3.878292655400e+01
3.887481750900e+01
3.897483017500e+01
3.907571805600e+01
3.917647925000e+01
3.926621450100e+01
3.937644829800e+01
3.946822009300e+01
3.958727992100e+01
3.967157378100e+01
3.977451216800e+01
3.986731819800e+01
3.996528809900e+01
4.008252264200e+01
4.016676203700e+01
4.026897906100e+01
4.036913062500e+01
4.047174010100e+01
4.056140710600e+01
4.067372525000e+01
4.076295852100e+01
4.087397809500e+01
4.097649370500e+01
4.106817984200e+01
4.116935328600e+01
4.126849061800e+01
4.137031188400e+01
4.148321216900e+01
4.157269324100e+01
4.167254298400e+01
4.177139667200e+01
4.187296986100e+01
4.197401093300e+01
4.207570536900e+01
4.217594983500e+01
4.227822720000e+01
4.236950993500e+01
4.246967882500e+01
4.256265828400e+01
4.267274654600e+01
4.277146198800e+01
4.288102666800e+01
4.297026136300e+01
4.307228578400e+01
4.316104502000e+01
4.326349503800e+01
4.336712978700e+01
4.347341099600e+01
4.357662010200e+01
4.366774719200e+01
4.378336774500e+01
4.386438879300e+01
4.397667097200e+01
4.406542901000e+01
4.416979213400e+01
4.426893170200e+01
4.437159063800e+01
4.447123816200e+01
4.457106489200e+01
4.467235427500e+01
4.477387905100e+01
4.488197767600e+01
4.497173521400e+01
4.507385911300e+01
4.517758500700e+01
4.526824958100e+01
4.536855585300e+01
4.546872302000e+01
4.556954108500e+01
4.567013915100e+01
4.577231931100e+01
4.586182426000e+01
4.598102739900e+01
4.608332291000e+01
4.617339700600e+01
4.627469042400e+01
4.637452675200e+01
4.647261337400e+01
4.658816186900e+01
4.666931342500e+01
4.677605160800e+01
4.686966774200e+01
4.697602346100e+01
4.707555989400e+01
4.716565200100e+01
4.726639136600e+01
4.736696527000e+01
4.747734717900e+01
4.757339450700e+01
4.767534672000e+01
4.777428373300e+01
4.787888655300e+01
4.796763711400e+01
4.807398366600e+01
4.817944413500e+01
4.826838721700e+01
4.836640670800e+01
4.846979694200e+01
4.857000705500e+01
4.868087963500e+01
4.877507834700e+01
4.887653183800e+01
4.896587810300e+01
4.906838398200e+01
4.917408226000e+01
4.927375319000e+01
4.939089392900e+01
4.947112663700e+01
4.957090549800e+01
4.967161572600e+01
4.977397533800e+01
4.987428965600e+01
4.997588345000e+01
5.006622794300e+01
5.018371602700e+01
5.026404454700e+01
5.039349912300e+01
5.047994051100e+01
5.057257959300e+01
5.067185453400e+01
5.076970401200e+01
5.087291954900e+01
5.097259257700e+01
5.108685250500e+01
5.117706873400e+01
5.127065879900e+01
5.137225491400e+01
5.147878639100e+01
5.157076274600e+01
5.167115472500e+01
5.177076451600e+01
5.187262264600e+01
5.198305182000e+01
5.207461506300e+01
5.216651850100e+01
5.226871741900e+01
5.236696943700e+01
5.246867059200e+01
5.257104392300e+01
5.267070708800e+01
5.277086501200e+01
5.287222645200e+01
5.297345424400e+01
5.306459789500e+01
5.317064386500e+01
5.327379475500e+01
5.337867575800e+01
5.347127031400e+01
5.358600867800e+01
5.368425655900e+01
5.377919806200e+01
5.387539051400e+01
5.398154419500e+01
5.407056969700e+01
5.418131930400e+01
5.427364794200e+01
5.437533291700e+01
5.447619830000e+01
5.457694787200e+01
5.467802070400e+01
5.477038129200e+01
5.487324267300e+01
5.498105488900e+01
5.507405209500e+01
5.518365926400e+01
5.527946053000e+01
5.537484126000e+01
5.548371032700e+01
5.556955014100e+01
5.567978627400e+01
5.576706840300e+01
5.587724637200e+01
5.597251118100e+01
5.606620682600e+01
5.616711885800e+01
5.625733706900e+01
5.636975284400e+01
5.646284383800e+01
5.656504529600e+01
5.668357487700e+01
5.677505294300e+01
5.686692675400e+01
5.696605903100e+01
5.707666295800e+01
5.716701949700e+01
5.727549210900e+01
5.737693413400e+01
5.747445262000e+01
5.758281638700e+01
5.768437851300e+01
5.778712664400e+01
5.787776753400e+01
5.797025090600e+01
5.808002466800e+01
5.817085515300e+01
5.828340502000e+01
5.837145726600e+01
5.847391571700e+01
5.857632825300e+01
5.867824004900e+01
5.876780709800e+01
5.886876052100e+01
5.896957528300e+01
5.907447330200e+01
5.917371754300e+01
5.927586442700e+01
5.936670357400e+01
5.946864815800e+01
5.957001159200e+01
5.967338227400e+01
5.977891040100e+01
5.987694688900e+01
5.997124846600e+01
6.007358056500e+01
6.017475014600e+01
6.028988534200e+01
6.038180495200e+01
6.047343667000e+01
6.057530681300e+01
6.066546943700e+01
6.076932302000e+01
6.087916952000e+01
6.097194409200e+01
6.107516567100e+01
6.117569423900e+01
6.127989282000e+01
6.137256855200e+01
6.147342520100e+01
6.157320330300e+01
6.167472807100e+01
6.177583081200e+01
6.187926343000e+01
6.198275104300e+01
6.208204269200e+01
6.217775473800e+01
6.227341099900e+01
6.237855905400e+01
6.247035030800e+01
6.257299692200e+01
6.267795969500e+01
6.278118359400e+01
6.286646099900e+01
6.296747140800e+01
6.306902777800e+01
6.316948873000e+01
6.327908794100e+01
6.336955513100e+01
6.347161345500e+01
6.356454520600e+01
6.367333836500e+01
6.376409473500e+01
6.387360769800e+01
6.396593630500e+01
6.407473304600e+01
6.417296010600e+01
6.426598560000e+01
6.436380737600e+01
6.446433180400e+01
6.456285646300e+01
6.466539402900e+01
6.476715808500e+01
6.486880403400e+01
6.495529874800e+01
6.506507852900e+01
6.516673776900e+01
6.525679628400e+01
6.536949697700e+01
6.546126711300e+01
6.555769590200e+01
6.566835152400e+01
6.576952490500e+01
6.587072307600e+01
6.596227299200e+01
6.607659633300e+01
6.617033974300e+01
6.627566919800e+01
6.636670213100e+01
6.646859522300e+01
6.656571671800e+01
6.668832759800e+01
6.677588751900e+01
6.686456164300e+01
6.696402145100e+01
6.706564568000e+01
6.716304608500e+01
6.726297668600e+01
6.736626457700e+01
6.746272054400e+01
6.756480265600e+01
6.766259689300e+01
6.776365707600e+01
6.786255070700e+01
6.796258056700e+01
6.806315704200e+01
6.816307408700e+01
6.826401858600e+01
6.838178625200e+01
6.846815724300e+01
6.857020615200e+01
6.865957532700e+01
6.878041275400e+01
6.886772627100e+01
6.898100560000e+01
6.906892250600e+01
6.916633515800e+01
6.926856788900e+01
6.936795570400e+01
6.947281782000e+01
6.956307256300e+01
6.967074092100e+01
6.977000366900e+01
6.987228694300e+01
6.996797184100e+01
7.006946809500e+01
7.016299772600e+01
7.026978241800e+01
7.037341145900e+01
7.046193352400e+01
7.055995307000e+01
7.067372676900e+01
7.077372480800e+01
7.087154226300e+01
7.097170056900e+01
7.107082611200e+01
7.115959814100e+01
7.127805720500e+01
7.136403689100e+01
7.146999970500e+01
7.156504274700e+01
7.166662092000e+01
7.176900944600e+01
7.185521219400e+01
7.196460705600e+01
7.206483324700e+01
7.216620470700e+01
7.226439019400e+01
7.236831189800e+01
7.246586855900e+01
7.256464535900e+01
7.266623101000e+01
7.276558496200e+01
7.286757941400e+01
7.296677568600e+01
7.307015440200e+01
7.316682944900e+01
7.326819049900e+01
7.336623454400e+01
7.346631809700e+01
7.357986138500e+01
7.367016507200e+01
7.377109464200e+01
7.386983532500e+01
7.397805819100e+01
7.406985150200e+01
7.417055620400e+01
7.426284850900e+01
7.436103388900e+01
7.446235828400e+01
7.455998851500e+01
7.467200993400e+01
7.477151387000e+01
7.487475055900e+01
7.497078789100e+01
7.506981531600e+01
7.518320136000e+01
7.527472705000e+01
7.537601362400e+01
7.546554400600e+01
7.557680437900e+01
7.566822954100e+01
7.576898449500e+01
7.587202547500e+01
7.597367092400e+01
7.606426961000e+01
7.617561512600e+01
7.628747416400e+01
7.636896072100e+01
7.647377146700e+01
7.657441625200e+01
7.667544926800e+01
7.676633130900e+01
7.686647500200e+01
7.696626822100e+01
7.706546496000e+01
7.716764659900e+01
7.726737722000e+01
7.737847965900e+01
7.747604456600e+01
7.757700867600e+01
7.766565989600e+01
7.777956741500e+01
7.786097580800e+01
7.797747528700e+01
7.806882391600e+01
7.816792480400e+01
7.826673918500e+01
7.836760161300e+01
7.846709982500e+01
7.855762188000e+01
7.866996063200e+01
7.877195058700e+01
7.887765171700e+01
7.897243097100e+01
7.907371882100e+01
7.917478719500e+01
7.927835876900e+01
7.937063603300e+01
7.949399773400e+01
7.957427515800e+01
7.966648964700e+01
7.976874545100e+01
7.987209501400e+01
7.998103262800e+01
8.008475809000e+01
8.017522659300e+01
8.026793181700e+01
8.036941821500e+01
8.047168361500e+01
8.057166320200e+01
8.067489825800e+01
8.077497639400e+01
8.087828694200e+01
8.097109063500e+01
8.107314367700e+01
8.117445085900e+01
8.127647306200e+01
8.136688217500e+01
8.146624294400e+01
8.156795855200e+01
8.166763806600e+01
8.177239215800e+01
8.188441805600e+01
8.198027013600e+01
8.207397003200e+01
8.217845085800e+01
8.226942111100e+01
8.236799442800e+01
8.247008286000e+01
8.257682418200e+01
8.267746406100e+01
8.276969767700e+01
8.286960376300e+01
8.297061366400e+01
8.307054567900e+01
8.316370163800e+01
8.326387401000e+01
8.337607328000e+01
8.346553149900e+01
8.356775830000e+01
8.367872028100e+01
8.376963092000e+01
8.387471074000e+01
8.397590884900e+01
8.407895201100e+01
8.416924335500e+01
8.427168610000e+01
8.437238886600e+01
8.447612428700e+01
8.456775265900e+01
8.466797487500e+01
8.476698820800e+01
8.486934337200e+01
8.497603810900e+01
8.506737382600e+01
8.518483269200e+01
8.527559652700e+01
8.537602458800e+01
8.546664871700e+01
8.556608487900e+01
8.568516750000e+01
8.577996232400e+01
8.587150914600e+01
8.597155339500e+01
8.607450091600e+01
8.616665675500e+01
8.627086876800e+01
8.637099300200e+01
8.647411349000e+01
8.657516030700e+01
8.666412101100e+01
8.677818165400e+01
8.687097047100e+01
8.697792307900e+01
8.708160058000e+01
8.717319149400e+01
8.728134953500e+01
8.737476296100e+01
8.748521970000e+01
8.757896716600e+01
8.768013450400e+01
8.778183882600e+01
8.787938710200e+01
8.797962226700e+01
8.807650003900e+01
8.818126922600e+01
8.827627508300e+01
8.838610936700e+01
8.848512536600e+01
8.856767036300e+01
8.866891037400e+01
8.878520661200e+01
8.887176804500e+01
8.897461014800e+01
8.907938867600e+01
8.917433928600e+01
8.927446143900e+01
8.937490232200e+01
8.948122319600e+01
8.957371819400e+01
8.967698320100e+01
8.977122630600e+01
8.986510622600e+01
8.997864668600e+01
9.006990610800e+01
9.017070267000e+01
9.027247709400e+01
9.037701899300e+01
9.047225335200e+01
9.057676138400e+01
9.068162916000e+01
9.077398639900e+01
9.086800742300e+01
9.098068348000e+01
9.107345443000e+01
9.116489067900e+01
9.126633406200e+01
9.137334595800e+01
9.147374238000e+01
9.156512141200e+01
9.166566172200e+01
9.177699683100e+01
9.186845342300e+01
9.196910082300e+01
9.207638867800e+01
9.216629187700e+01
9.227086975800e+01
9.237624718900e+01
9.247568200800e+01
9.257383062700e+01
9.267955602100e+01
9.277935484300e+01
9.287068084500e+01
9.297136701500e+01
9.307388009600e+01
9.316422147300e+01
9.326478894800e+01
9.336698014500e+01
9.346720254900e+01
9.357707934100e+01
9.366765122600e+01
9.377109174100e+01
9.386202100300e+01
9.397733158500e+01
9.406867011300e+01
9.417915514400e+01
9.426892300300e+01
9.436892622800e+01
9.447610065500e+01
9.456733296200e+01
9.467334450200e+01
9.477460331900e+01
9.486972062200e+01
9.497036662500e+01
9.506065344300e+01
9.517874207500e+01
9.528050346100e+01
9.537155415400e+01
9.547231859100e+01
9.557315523900e+01
9.567573145700e+01
9.577683319400e+01
9.587777219900e+01
9.597403748300e+01
9.608684746600e+01
9.616819453800e+01
9.627136940000e+01
9.636307386800e+01
9.646360501800e+01
9.656674636000e+01
9.666835565200e+01
9.677152995600e+01
9.686956569800e+01
9.696893914100e+01
9.706901230600e+01
9.716320758500e+01
9.727131433300e+01
9.738579717500e+01
9.747171982300e+01
9.757084931000e+01
9.766893916400e+01
9.775985672100e+01
9.788265047300e+01
9.797335483400e+01
9.807707618800e+01
9.817814284900e+01
9.827472120500e+01
9.837580243900e+01
9.846778902400e+01
9.856749832200e+01
9.866846428800e+01
9.877411531700e+01
9.888287850500e+01
9.897281875900e+01
9.907377216500e+01
9.916477357000e+01
9.927673887600e+01
9.937803238500e+01
9.946797988200e+01
9.957719091700e+01
9.966967598200e+01
9.976973505200e+01
9.987226522100e+01
9.997261488600e+01
1.000772354490e+02
1.001676113760e+02
1.002834447430e+02
1.003773665430e+02
1.004725342910e+02
1.005723579540e+02
1.006701968610e+02
1.007774777150e+02
1.008718957530e+02
1.009805080770e+02
1.010770719620e+02
1.011812754420e+02
1.012755009390e+02
1.013767388000e+02
1.014566924560e+02
1.015695574810e+02
1.016565169190e+02
1.017661373550e+02
1.018684709620e+02
1.019697956570e+02
1.020720495020e+02
1.021773594050e+02
1.022691013970e+02
1.023736239900e+02
1.024698504080e+02
1.025688649580e+02
1.026736941190e+02
1.027754586590e+02
1.028689687920e+02
1.029754159880e+02
1.030771171690e+02
1.031660488010e+02
1.032799829780e+02
1.033719511200e+02
1.034753025340e+02
1.035657582910e+02
1.036779740340e+02
1.037693833150e+02
1.038697541030e+02
1.039738439260e+02
1.040661843210e+02
1.041686323810e+02
1.042807626520e+02
1.043912871940e+02
1.044708996170e+02
1.045666094010e+02
1.046711902040e+02
1.047708620480e+02
1.048709119760e+02
1.049731092160e+02
1.050780244870e+02
1.051699065650e+02
1.052667122290e+02
1.053662647530e+02
1.054694309820e+02
1.055724744570e+02
1.056730392750e+02
1.057646041770e+02
1.058829806710e+02
1.059735268320e+02
1.060648385130e+02
1.061779463080e+02
1.062703858540e+02
1.063717951310e+02
1.064698759330e+02
1.065619658760e+02
1.066763522450e+02
1.067670886970e+02
1.068816697230e+02
1.069740984630e+02
1.070648389470e+02
1.071658290170e+02
1.072646602190e+02
1.073783027120e+02
1.074686996690e+02
1.075894114610e+02
1.076742773350e+02
1.077778815980e+02
1.078701592010e+02
1.079972770660e+02
1.080789749650e+02
1.081702019820e+02
1.082715870830e+02
1.083725444420e+02
1.084718669830e+02
1.085742508350e+02
1.086757062240e+02
1.087659181800e+02
1.088771623070e+02
1.089680615590e+02
1.090935524360e+02
1.091748427000e+02
1.092648104770e+02
1.093878761940e+02
1.094664197870e+02
1.095693630220e+02
1.096691058370e+02
1.097702531100e+02
1.098896356840e+02
1.099698096940e+02
1.100731941130e+02
1.101806635140e+02
1.102686289200e+02
1.103785889590e+02
1.104810693950e+02
1.105717377640e+02
1.106737761350e+02
1.107757108740e+02
1.108769157800e+02
1.109675313820e+02
1.110679487320e+02
1.111721793770e+02
1.112715151990e+02
1.113737072070e+02
1.114648803280e+02
1.115669268320e+02
1.116843940520e+02
1.117815556840e+02
1.118777040840e+02
1.119714610930e+02
1.120739469090e+02
1.121738386440e+02
1.122639980110e+02
1.123671625310e+02
1.124764187350e+02
1.125799503800e+02
1.126748289070e+02
1.127793943700e+02
1.128721735240e+02
1.129850380800e+02
1.130726522590e+02
1.131746116270e+02
1.132803429620e+02
1.133749786300e+02
1.134834303130e+02
1.135842817230e+02
1.136790283040e+02
1.137707820390e+02
1.138738988150e+02
1.139810519000e+02
1.140732416440e+02
1.141736150290e+02
1.142756967650e+02
1.143791817800e+02
1.144698552130e+02
1.145778414830e+02
1.146671198430e+02
1.147727147660e+02
1.148730432640e+02
1.149761284520e+02
1.150769742000e+02
1.151675472520e+02
1.152679086140e+02
1.153687088500e+02
1.154678212170e+02
1.155855032610e+02
1.156819016530e+02
1.157742786400e+02
1.158757866010e+02
1.159854605000e+02
1.160669460200e+02
1.161688633200e+02
1.162720328200e+02
1.163779570510e+02
1.164715648240e+02
1.165718527750e+02
1.166715738030e+02
1.167815185390e+02
1.168752177230e+02
1.169678769780e+02
1.170695191650e+02
1.171709871140e+02
1.172719653270e+02
1.173724062590e+02
1.174765310430e+02
1.175661441490e+02
1.176771762460e+02
1.177702672570e+02
1.178718600520e+02
1.179753687270e+02
1.181010319370e+02
1.181716184030e+02
1.182745271030e+02
1.183732487310e+02
1.184673746440e+02
1.185668417850e+02
1.186674918840e+02
1.187825117410e+02
1.188752172850e+02
1.189672103690e+02
1.190681807260e+02
1.191663123610e+02
1.192697686430e+02
1.193683638840e+02
1.194698881230e+02
1.195697359030e+02
1.196697501210e+02
1.197680074330e+02
1.198696595830e+02
1.199703221740e+02
1.200719332830e+02
1.201722855630e+02
1.202734353110e+02
1.203739945160e+02
1.204797876370e+02
1.205736485920e+02
1.206736899680e+02
1.207746909630e+02
1.208657513310e+02
1.209684236210e+02
1.210699674570e+02
1.211734121270e+02
1.212854354050e+02
1.213662844400e+02
1.214871023090e+02
1.215731026400e+02
1.216761562530e+02
1.217792731990e+02
1.218717570550e+02
1.219896545830e+02
1.220707119370e+02
1.221715954690e+02
1.222722911940e+02
1.223628621980e+02
1.224782634380e+02
1.225760565160e+02
1.226649614560e+02
1.227714703260e+02
1.228728633820e+02
1.229741519280e+02
1.230927442150e+02
1.231747788300e+02
1.232647128980e+02
1.233761130420e+02
1.234747953410e+02
1.235710136810e+02
1.236701754060e+02
1.237716380190e+02
1.238731179890e+02
1.239679807300e+02
1.240786476050e+02
1.241689459620e+02
1.242723964010e+02
1.243792558080e+02
1.244693475410e+02
1.245706107180e+02
1.246706937840e+02
1.247717547190e+02
1.248750390720e+02
1.249773324140e+02
1.250683266450e+02
1.251733698610e+02
1.252775682040e+02
1.253685392340e+02
1.254703984950e+02
1.255772049800e+02
1.256687251820e+02
1.257713748060e+02
1.258798642640e+02
1.259732756090e+02
1.260766795600e+02
1.261697489650e+02
1.262705991380e+02
1.263710585720e+02
1.264619814950e+02
1.265678145730e+02
1.266695699170e+02
1.267716165920e+02
1.268846664100e+02
1.269746184480e+02
1.270662200700e+02
1.271671827250e+02
1.272595001810e+02
1.273597832380e+02
1.274611464720e+02
1.275619236880e+02
1.276759543350e+02
1.277830484280e+02
1.278747297000e+02
1.279648860860e+02
1.280720786750e+02
1.281792328210e+02
1.282714727290e+02
1.283748504360e+02
1.284758044430e+02
1.285679154610e+02
1.286707618740e+02
1.287738794950e+02
1.288779516390e+02
1.289688878180e+02
1.290718526090e+02
1.291726778050e+02
1.292747891550e+02
1.293671864430e+02
1.294833202200e+02
1.295694982070e+02
1.296723780270e+02
1.297736472270e+02
1.298631193720e+02
1.299737078130e+02
1.300778956830e+02
1.301671836640e+02
1.302686260630e+02
1.303734592380e+02
1.304663953520e+02
1.305830889780e+02
1.306751282560e+02
1.307788416170e+02
1.308803821180e+02
1.309731509180e+02
1.310754652430e+02
1.311662235290e+02
1.312843110020e+02
1.313781816760e+02
1.314702960910e+02
1.315713971170e+02
1.316771878280e+02
1.317832623910e+02
1.318731581640e+02
1.319726321060e+02
1.320684932910e+02
1.321718906750e+02
1.322714298480e+02
1.323721027590e+02
1.324714577730e+02
1.325721169260e+02
1.326722536760e+02
1.327714476840e+02
1.328717096230e+02
1.329759251380e+02
1.330665898130e+02
1.331852224650e+02
1.332863229330e+02
1.333691979280e+02
1.334834446140e+02
1.335756049540e+02
1.336684036700e+02
1.337699198830e+02
1.338696899380e+02
1.339757029290e+02
1.340767111780e+02
1.341679808890e+02
1.342710540660e+02
1.343719840060e+02
1.344697299070e+02
1.345731544370e+02
1.346839517600e+02
1.347755997490e+02
1.348690376150e+02
1.349724426080e+02
1.350747705090e+02
1.351784593590e+02
1.352705977620e+02
1.353603196300e+02
1.354723758360e+02
1.355761817520e+02
1.356681343930e+02
1.357699024580e+02
1.358741764820e+02
1.359647750120e+02
1.360670341790e+02
1.361672852280e+02
1.362702419600e+02
1.363710608110e+02
1.364722154360e+02
1.365729050120e+02
1.366748351250e+02
1.367730818820e+02
1.368721710260e+02
1.369727232150e+02
1.370734286140e+02
1.371660057760e+02
1.372790577490e+02
1.373825633030e+02
1.374710362490e+02
1.375735256830e+02
1.376767433390e+02
1.377678485750e+02
1.378721990090e+02
1.379801489200e+02
1.380725707070e+02
1.381751025680e+02
1.382760648210e+02
1.383640684490e+02
1.384677874690e+02
1.385690435390e+02
1.386672312480e+02
1.387793722210e+02
1.388762278550e+02
1.389640844750e+02
1.390684306320e+02
1.391705112570e+02
1.392707143580e+02
1.393617009300e+02
1.394714413900e+02
1.395712607660e+02
1.396723853550e+02
1.397739575360e+02
1.398680166170e+02
1.399698114250e+02
1.400714920210e+02
1.401733398360e+02
1.402742908270e+02
1.403763983230e+02
1.404656823350e+02
1.405649851330e+02
1.406683094370e+02
1.407711305190e+02
1.408726491060e+02
1.409726756920e+02
1.410748707040e+02
1.411723678270e+02
1.412741437100e+02
1.413644876810e+02
1.414767958750e+02
1.415826943120e+02
1.416767858240e+02
1.417683456300e+02
1.418691822630e+02
1.419718388900e+02
1.420745920090e+02
1.421693374030e+02
1.422666247360e+02
1.423681917100e+02
1.424687487080e+02
1.425691268700e+02
1.426707206720e+02
1.427781681070e+02
1.428762192660e+02
1.429686729150e+02
1.430691232000e+02
1.431717514180e+02
1.432757932400e+02
1.433688117280e+02
1.434720881160e+02
1.435729952950e+02
1.436782674950e+02
1.437811259980e+02
1.438726644760e+02
1.439765229910e+02
1.440880926570e+02
1.441798898240e+02
1.442645256900e+02
1.443759766050e+02
1.444649240150e+02
1.445664844370e+02
1.446699172030e+02
1.447714005900e+02
1.448744700280e+02
1.449764942420e+02
1.450780213040e+02
1.451692632030e+02
1.452735343550e+02
1.453747088730e+02
1.454781748400e+02
1.455727806140e+02
1.456734801660e+02
1.457770474680e+02
1.458690144400e+02
1.459618179500e+02
1.460742039340e+02
1.461700885440e+02
1.462711621920e+02
1.463855211860e+02
1.464772846240e+02
1.465699505700e+02
1.466711218480e+02
1.467759639210e+02
1.468896386800e+02
1.469775842670e+02
1.470722395740e+02
1.471719686530e+02
1.472731676950e+02
1.473753858330e+02
1.474791801890e+02
1.475706998760e+02
1.476732191170e+02
1.477797199020e+02
1.478726635950e+02
1.479732556560e+02
1.480636333350e+02
1.481778102770e+02
1.482974990580e+02
1.483773955250e+02
1.484685199340e+02
1.485687241060e+02
1.486718740370e+02
1.487712504710e+02
1.488727873210e+02
1.489734585050e+02
1.490732242620e+02
1.491773016720e+02
1.492690475450e+02
1.493799448380e+02
1.494736902270e+02
1.496041836730e+02
1.496711456320e+02
1.497709956610e+02
1.498818062740e+02
1.499829853690e+02
1.500808426760e+02
1.501762733230e+02
1.502672297320e+02
1.503682293220e+02
1.504694130310e+02
1.505715237630e+02
1.506770099380e+02
1.507692128420e+02
1.508740204690e+02
1.509666107710e+02
1.510688273760e+02
1.511813648910e+02
1.512712508380e+02
1.513727335980e+02
1.514755732430e+02
1.515657721270e+02
1.516679745810e+02
1.517710821690e+02
1.518768187320e+02
1.519796717710e+02
1.520763246040e+02
1.521787496050e+02
1.522759894770e+02
1.523853221490e+02
1.524761255300e+02
1.525674141100e+02
1.526720922020e+02
1.527642841500e+02
1.528772242580e+02
1.529776464430e+02
1.530865888550e+02
1.531789382820e+02
1.532695038160e+02
1.533698705160e+02
1.534710912790e+02
1.535770286760e+02
1.536728559170e+02
1.537758966450e+02
1.538796540180e+02
1.539702499790e+02
1.540725620570e+02
1.541769180870e+02
1.542730500780e+02
1.543798036060e+02
1.544773825490e+02
1.545719462170e+02
1.546751571020e+02
1.547763697990e+02
1.548783634980e+02
1.549681545140e+02
1.550734462540e+02
1.551785473100e+02
1.552708258270e+02
1.553866339010e+02
1.554684566870e+02
1.555861709110e+02
1.556734258210e+02
1.557659986970e+02
1.558725487710e+02
1.559777253430e+02
1.560676601320e+02
1.561696484530e+02
1.562723253590e+02
1.563728593200e+02
1.564750449430e+02
1.565710872970e+02
1.566779182840e+02
1.567760325100e+02
1.568874476200e+02
1.569694250550e+02
1.570726400690e+02
1.571622028460e+02
1.572725230710e+02
1.573816079590e+02
1.574773688360e+02
1.575687732500e+02
1.576700215380e+02
1.577697199540e+02
1.578716675620e+02
1.579718849040e+02
1.580720278400e+02
1.581755261390e+02
1.582646670560e+02
1.583661694100e+02
1.584801276220e+02
1.585708614380e+02
1.586722685140e+02
1.587715462620e+02
1.588787246290e+02
1.589717868100e+02
1.590643487500e+02
1.591766300720e+02
1.592900181330e+02
1.593722029370e+02
1.594760100760e+02
1.595708490780e+02
1.596720693150e+02
1.597731643540e+02
1.598741086840e+02
1.599651367060e+02
1.600700509480e+02
1.601728219460e+02
1.602742348750e+02
1.603698729390e+02
1.604688077410e+02
1.605690889090e+02
1.606801756830e+02
1.607610050410e+02
1.608690866940e+02
1.609816017530e+02
1.610775798160e+02
1.611713812310e+02
1.612772779600e+02
1.613684441830e+02
1.614607706460e+02
1.615698001060e+02
1.616641018160e+02
1.617770625300e+02
1.618797145510e+02
1.619713630940e+02
1.620747799490e+02
1.621640605570e+02
1.622811530030e+02
1.623725694700e+02
1.624716225330e+02
1.625733902250e+02
1.626728948870e+02
1.627740666800e+02
1.628749317750e+02
1.629646290530e+02
1.630731707300e+02
1.631782053750e+02
1.632679349730e+02
1.633795984990e+02
1.634769516450e+02
1.635670244440e+02
1.636682573000e+02
1.637779367540e+02
1.638669598790e+02
1.639720887300e+02
1.640724240880e+02
1.641704744240e+02
1.642705975000e+02
1.643816166740e+02
1.644749883640e+02
1.645726395620e+02
1.646634975580e+02
1.647752605280e+02
1.648743213620e+02
1.649690343800e+02
1.650688942170e+02
1.651667315060e+02
1.652796876110e+02
1.653711585410e+02
1.654745089080e+02
1.655652222220e+02
1.656686671450e+02
1.657701668590e+02
1.658694504900e+02
1.659624465250e+02
1.660743169080e+02
1.661638243790e+02
1.662773445570e+02
1.663888737640e+02
1.664672310030e+02
1.665691570750e+02
1.666700488450e+02
1.667703831080e+02
1.668681641630e+02
1.669706757280e+02
1.670634326290e+02
1.671754955330e+02
1.672776364610e+02
1.673678790920e+02
1.674688837740e+02
1.675690448250e+02
1.676599933300e+02
1.677722794770e+02
1.678730290130e+02
1.679662078030e+02
1.680696133720e+02
1.681723954020e+02
1.682641133230e+02
1.683661499200e+02
1.684664853420e+02
1.685675348800e+02
1.686722881740e+02
1.687777154950e+02
1.688670148010e+02
1.689682175700e+02
1.690738741650e+02
1.691758823480e+02
1.692767715910e+02
1.693795413610e+02
1.694736318280e+02
1.695747569400e+02
1.696757901110e+02
1.697659184330e+02
1.698665209250e+02
1.699677925650e+02
1.700778051880e+02
1.701817026010e+02
1.702749435850e+02
1.703651365810e+02
1.704812316970e+02
1.705716195260e+02
1.706767777510e+02
1.707675344040e+02
1.708689996390e+02
1.709700056790e+02
1.710714201640e+02
1.711766988230e+02
1.712799826490e+02
1.713753023690e+02
1.714641330720e+02
1.715788537250e+02
1.716716733760e+02
1.717718247370e+02
1.718797585870e+02
1.719723963320e+02
1.720643841300e+02
1.721664704990e+02
1.722735313260e+02
1.723751752710e+02
1.724663954850e+02
1.725713593580e+02
1.726744845320e+02
1.727670703620e+02
1.728665476870e+02
1.729672466220e+02
1.730683797130e+02
1.731689119010e+02
1.732770327310e+02
1.733732321040e+02
1.734645946760e+02
1.735750123860e+02
1.736754935790e+02
1.737673813030e+02
1.738679877690e+02
1.739688552370e+02
1.740740497100e+02
1.741735167560e+02
1.742737364510e+02
1.743653479670e+02
1.744669663340e+02
1.745670134880e+02
1.746667137220e+02
1.747681051160e+02
1.748691373680e+02
1.749689480970e+02
1.750689723040e+02
1.751702878410e+02
1.752701719620e+02
1.753701461320e+02
1.754704151870e+02
1.755699662800e+02
1.756710143140e+02
1.757787067060e+02
1.758792384290e+02
1.759719399070e+02
1.760771270440e+02
1.761794413950e+02
1.762802896200e+02
1.763803986030e+02
1.764597976700e+02
1.765702061060e+02
1.766711569110e+02
1.767709161410e+02
1.768727226500e+02
1.769745627670e+02
1.770759327030e+02
1.771767473140e+02
1.772665904340e+02
1.773787383990e+02
1.774671569870e+02
1.775786686030e+02
1.776620600820e+02
1.777627228170e+02
1.778766363410e+02
1.779662467290e+02
1.780663418770e+02
1.781662411020e+02
1.782664730740e+02
1.783772377430e+02
1.784763239320e+02
1.785657752460e+02
1.786677554230e+02
1.787664568600e+02
1.788796265560e+02
1.789712566940e+02
1.790831287470e+02
1.791750546880e+02
1.792649806600e+02
1.793650085000e+02
1.794650372610e+02
1.795648239030e+02
1.796782439950e+02
1.797683507490e+02
1.798662226600e+02
1.799650175340e+02
1.800677736900e+02
1.801772231030e+02
1.802662147900e+02
1.803766284590e+02
1.804761759820e+02
1.805709650650e+02
1.806625462720e+02
1.807726165750e+02
1.808774432030e+02
1.809801327750e+02
1.810722653310e+02
1.811718047000e+02
1.812728380570e+02
1.813729903990e+02
1.814729826480e+02
1.815725117270e+02
1.816759010700e+02
1.817750549040e+02
1.818662883020e+02
1.819646770130e+02
1.820677785920e+02
1.821734226980e+02
1.822686181620e+02
1.823684939250e+02
1.824682364120e+02
1.825695914300e+02
1.826685805390e+02
1.827687109400e+02
1.828666636470e+02
1.829679991990e+02
1.830682072070e+02
1.831678894720e+02
1.832575216470e+02
1.833771272410e+02
1.834680239570e+02
1.835674870680e+02
1.836689992270e+02
1.837659430190e+02
1.838687093430e+02
1.839704237910e+02
1.840694672030e+02
1.841688404460e+02
1.842659076400e+02
1.843674558640e+02
1.844682780070e+02
1.845712724200e+02
1.846708504930e+02
1.847728010920e+02
1.848709772860e+02
1.849724497500e+02
1.850679681640e+02
1.851725320590e+02
1.852698647200e+02
1.853715400450e+02
1.854685718390e+02
1.855681738990e+02
1.856580653840e+02
1.857754928400e+02
1.858718791790e+02
1.859649901960e+02
1.860669572950e+02
1.861741521400e+02
1.862634195960e+02
1.863633131260e+02
1.864745460160e+02
1.865726632250e+02
1.866655751480e+02
1.867656270060e+02
1.868822860430e+02
1.869833588740e+02
1.870732544590e+02
1.871723916040e+02
1.872721623490e+02
1.873726350030e+02
1.874718934960e+02
1.875716546570e+02
1.876724204740e+02
1.877718230540e+02
1.878713491750e+02
1.879735522910e+02
1.880741432400e+02
1.881639530110e+02
1.882635408930e+02
1.883732040220e+02
1.884755251890e+02
1.885722541880e+02
1.886740885370e+02
1.887726952630e+02
1.888762571300e+02
1.889657910440e+02
1.890664751570e+02
1.891667709100e+02
1.892701452840e+02
1.893689577590e+02
1.894732706890e+02
1.895709515860e+02
1.896732935950e+02
1.897712298320e+02
1.898735437920e+02
1.899713039990e+02
1.900761380870e+02
1.901668171000e+02
1.902660404810e+02
1.903667399990e+02
1.904661775100e+02
1.905645089790e+02
1.906649997440e+02
1.907663402490e+02
1.908657112730e+02
1.909684873400e+02
1.910659950770e+02
1.911667478470e+02
1.912669615060e+02
1.913665334530e+02
1.914663782650e+02
1.915652714850e+02
1.916671321890e+02
1.917758655560e+02
1.918655816640e+02
1.919656203670e+02
1.920673094190e+02
1.921664693240e+02
1.922659729610e+02
1.923673958730e+02
1.924657209830e+02
1.925669964310e+02
1.926678081740e+02
1.927734484460e+02
1.928721983870e+02
1.929771088730e+02
1.930655020170e+02
1.931651846680e+02
1.932672460270e+02
1.933898764950e+02
1.934677896100e+02
1.935702384940e+02
1.936692789030e+02
1.937704000270e+02
1.938709086820e+02
1.939727174670e+02
1.940708035440e+02
1.941707383280e+02
1.942725600980e+02
1.943631067100e+02
1.944752117930e+02
1.945662046420e+02
1.946768626210e+02
1.947679019160e+02
1.948681405930e+02
1.949685257780e+02
1.950682480610e+02
1.951691116080e+02
1.952675889780e+02
1.953660201620e+02
1.954569225510e+02
1.955675178090e+02
1.956660919430e+02
1.957681438010e+02
1.958712807740e+02
1.959714658690e+02
1.960727146810e+02
1.961714490010e+02
1.962721008390e+02
1.963702485570e+02
1.964713384770e+02
1.965737959000e+02
1.966621810610e+02
1.967726957150e+02
1.968721106600e+02
1.969738382430e+02
1.970740057660e+02
1.971768940170e+02
1.972947217870e+02
1.973969529410e+02
1.974730862230e+02
1.975751757860e+02
1.976637135360e+02
1.977733094520e+02
1.978622830320e+02
1.979630938630e+02
1.980638436610e+02
1.981654014590e+02
1.982655459820e+02
1.983659153130e+02
1.984672854620e+02
1.985704815400e+02
1.986669035250e+02
1.987690920310e+02
1.988685040380e+02
1.989681621570e+02
1.990675081970e+02
1.991577248870e+02
1.992774215540e+02
1.993692045880e+02
1.994704372260e+02
1.995701770650e+02
1.996700443300e+02
1.997722188500e+02
1.998727701510e+02
1.999630518940e+02
2.000806171200e+02
2.001700669100e+02
2.002708477570e+02
2.003709778570e+02
2.004693685800e+02
2.005736097790e+02
2.006736440410e+02
2.007751223750e+02
2.008851297220e+02
2.009735510360e+02
2.010737622650e+02
2.011737334540e+02
2.012637459310e+02
2.013665110380e+02
2.014656562390e+02
2.015666868180e+02
2.016617358050e+02
2.017654421890e+02
2.018655594240e+02
2.019658746030e+02
2.020548968130e+02
2.021681561280e+02
2.022658191130e+02
2.023790237880e+02
2.024687319060e+02
2.025693108950e+02
2.026797099590e+02
2.027782001690e+02
2.028689905570e+02
2.029686295570e+02
2.030704414620e+02
2.031711030300e+02
2.032694246920e+02
2.033703825990e+02
2.034604808570e+02
2.035597135450e+02
2.036699011350e+02
2.037708688660e+02
2.038697013820e+02
2.039754354300e+02
2.040670399640e+02
2.041685474350e+02
2.042691032590e+02
2.043708921200e+02
2.044641738180e+02
2.045683184060e+02
2.046677852360e+02
2.047723321590e+02
2.048713005320e+02
2.049713746260e+02
2.050726770080e+02
2.051759213130e+02
2.052647135630e+02
2.053779938070e+02
2.054678478120e+02
2.055678158140e+02
2.056653923940e+02
2.057669612380e+02
2.058668234080e+02
2.059694310620e+02
2.060674285440e+02
2.061670705770e+02
2.062696399090e+02
2.063677407110e+02
2.064699746960e+02
2.065700397990e+02
2.066712460640e+02
2.067706388680e+02
2.068713437860e+02
2.069696330020e+02
2.070719565560e+02
2.071716316970e+02
2.072675670880e+02
2.073743222560e+02
2.074729793590e+02
2.075729707840e+02
2.076713588360e+02
2.077759863320e+02
2.078783698480e+02
2.079945951310e+02
2.080721892960e+02
2.081664852240e+02
2.082657002040e+02
2.083758833610e+02
2.084648009810e+02
2.085665058900e+02
2.086779455740e+02
2.087813993720e+02
2.088712725870e+02
2.089741411550e+02
2.090684334060e+02
2.091665187620e+02
2.092785929040e+02
2.093820796510e+02
2.094711785650e+02
2.095704642290e+02
2.096850763500e+02
2.097633442270e+02
2.098642350830e+02
2.099634548760e+02
2.100741752170e+02
2.101722946360e+02
2.102626174570e+02
2.103629017060e+02
2.104624971380e+02
2.105605258560e+02
2.106721327800e+02
2.107753912900e+02
2.108759794080e+02
2.109731864160e+02
2.110630347620e+02
2.111619152170e+02
2.112635062030e+02
2.113737099000e+02
2.114731191150e+02
2.115656479490e+02
2.116613890100e+02
2.117652596170e+02
2.118646679260e+02
2.119735996940e+02
2.120786701540e+02
2.121654028060e+02
2.122724908130e+02
2.123705710230e+02
2.124720307660e+02
2.125726494670e+02
2.126752269700e+02
2.127738742720e+02
2.128732928320e+02
2.129746737970e+02
2.130627201600e+02
2.131766574040e+02
2.132805221700e+02
2.133679652350e+02
2.134691997430e+02
2.135687398110e+02
2.136671335800e+02
2.137690185200e+02
2.138692409140e+02
2.139690577590e+02
2.140693118670e+02
2.141709886660e+02
2.142708725430e+02
2.143705304010e+02
2.144688881640e+02
2.145751412080e+02
2.146742700120e+02
2.147810020010e+02
2.148785090170e+02
2.149709606390e+02
2.150739561730e+02
2.151648058710e+02
2.152740143260e+02
2.153742653710e+02
2.154679448760e+02
2.155687589550e+02
2.156685372760e+02
2.157676638140e+02
2.158745942830e+02
2.159736331700e+02
2.160640977250e+02
2.161758834010e+02
2.162636078110e+02
2.163690746910e+02
2.164674011140e+02
2.165784890850e+02
2.166685039860e+02
2.167636460680e+02
2.168705919850e+02
2.169872414940e+02
2.170667770790e+02
2.171679661500e+02
2.172696789190e+02
2.173703409710e+02
2.174685060190e+02
2.175690521760e+02
2.176660300080e+02
2.177687080830e+02
2.178675156690e+02
2.179717784120e+02
2.180685319410e+02
2.181690513240e+02
2.182691482430e+02
2.183692645630e+02
2.184669952190e+02
2.185697868560e+02
2.186738410020e+02
2.187637380990e+02
2.188619266520e+02
2.189739293210e+02
2.190724707830e+02
2.191756397400e+02
2.192645466760e+02
2.193661257470e+02
2.194652100090e+02
2.195671845650e+02
2.196673138420e+02
2.197656833600e+02
2.198673397150e+02
2.199664737560e+02
2.200835460980e+02
2.201724687740e+02
2.202718903740e+02
2.203625918650e+02
2.204614534200e+02
2.205730688570e+02
2.206731767320e+02
2.207755212540e+02
2.208641663980e+02
2.209639133650e+02
2.210744506990e+02
2.211640894150e+02
2.212735152350e+02
2.213842633490e+02
2.214683080210e+02
2.215684195780e+02
2.216721779260e+02
2.217693968490e+02
2.218694071510e+02
2.219713477210e+02
2.220595180180e+02
2.221702208220e+02
2.222702700550e+02
2.223734787460e+02
2.224752334260e+02
2.225692923780e+02
2.226696450610e+02
2.227599237410e+02
2.228708804100e+02
2.229602475430e+02
2.230770321990e+02
2.231672464610e+02
2.232865781930e+02
2.233672928850e+02
2.234764577970e+02
2.235670736050e+02
2.236844678980e+02
2.237758989490e+02
2.238651583760e+02
2.239731391850e+02
2.240738110180e+02
2.241723989120e+02
2.242739526780e+02
2.243881040240e+02
2.244647351640e+02
2.245663320280e+02
2.246653896100e+02
2.247644758580e+02
2.248639409950e+02
2.249761009150e+02
2.250728075780e+02
2.251617616130e+02
2.252765891900e+02
2.253668698240e+02
2.254673877160e+02
2.255702655850e+02
2.256699692050e+02
2.257740367590e+02
2.258728533610e+02
2.259646313180e+02
2.260667334050e+02
2.261662548700e+02
2.262657707570e+02
2.263639175800e+02
2.264655594780e+02
2.265772088530e+02
2.266777427170e+02
2.267874991440e+02
2.268680384860e+02
2.269674121690e+02
2.270696035540e+02
2.271816305210e+02
2.272740670840e+02
2.273588677780e+02
2.274760446630e+02
2.275638539430e+02
2.276631598270e+02
2.277754974230e+02
2.278608507670e+02
2.279632112350e+02
2.280756907700e+02
2.281757385820e+02
2.282649035150e+02
2.283645666380e+02
2.284658647790e+02
2.285678696210e+02
2.286648104120e+02
2.287655664510e+02
2.288647458200e+02
2.289648903930e+02
2.290683365440e+02
2.291577760600e+02
2.292686905580e+02
2.293659856580e+02
2.294649300900e+02
2.295743280570e+02
2.296789697480e+02
2.297674129730e+02
2.298691680950e+02
2.299778569280e+02
2.300692114700e+02
2.301692615100e+02
2.302690224720e+02
2.303707772740e+02
2.304676263200e+02
2.305674534650e+02
2.306713202280e+02
2.307706389270e+02
2.308593715780e+02
2.309727679160e+02
2.310744395950e+02
2.311752260790e+02
2.312742445110e+02
2.313873428000e+02
2.314751912630e+02
2.315796931330e+02
2.316712648480e+02
2.317811078380e+02
2.318818974420e+02
2.319731510290e+02
2.320735727810e+02
2.321743926820e+02
2.322751234870e+02
2.323751022760e+02
2.324734785960e+02
2.325759416990e+02
2.326747045140e+02
2.327673323620e+02
2.328796915920e+02
2.329696386640e+02
2.330703844760e+02
2.331747614660e+02
2.332742347580e+02
2.333833354930e+02
2.334752565990e+02
2.335644215780e+02
2.336755442380e+02
2.337658664050e+02
2.338663187170e+02
2.339671124490e+02
2.340774416680e+02
2.341762865420e+02
2.342697364640e+02
2.343802489550e+02
2.344691459340e+02
2.345695159750e+02
2.346813188750e+02
2.347718937200e+02
2.348738625930e+02
2.349736347900e+02
2.350717318320e+02
2.351742526370e+02
2.352620184620e+02
2.353733293250e+02
2.354764470940e+02
2.355648668250e+02
2.356625011840e+02
2.357795478880e+02
2.358679567860e+02
2.359684071450e+02
2.360576982000e+02
2.361697529570e+02
2.362726267870e+02
2.363713783530e+02
2.364709973520e+02
2.365732142680e+02
2.366627261120e+02
2.367718100340e+02
2.368771152200e+02
2.369645682930e+02
2.370645570550e+02
2.371663145830e+02
2.372658063680e+02
2.373784377960e+02
2.374654515170e+02
2.375743804160e+02
2.376750716420e+02
2.377723673870e+02
2.378751456090e+02
2.379644828830e+02
2.380605826610e+02
2.381633739210e+02
2.382737193170e+02
2.383840105090e+02
2.384739816120e+02
2.385746275830e+02
2.386794175270e+02
2.387715972970e+02
2.388720452870e+02
2.389716169790e+02
2.390697463360e+02
2.391702974860e+02
2.392727331320e+02
2.393702700500e+02
2.394817091530e+02
2.395702664300e+02
2.396706963450e+02
2.397713608890e+02
2.398691535680e+02
2.399671636170e+02
2.400738834260e+02
2.401747206120e+02
2.402604054790e+02
2.403764902360e+02
2.404772558140e+02
2.405661166370e+02
2.406800089070e+02
2.407696699400e+02
2.408706212600e+02
2.409679874410e+02
2.410710421460e+02
2.411748061630e+02
2.412873339270e+02
2.413702770940e+02
2.414705359680e+02
2.415770335230e+02
2.416705089850e+02
2.417682348770e+02
2.418688864580e+02
2.419680138840e+02
2.420685991880e+02
2.421791643960e+02
2.422713759990e+02
2.423701153820e+02
2.424709306720e+02
2.425697762440e+02
2.426740709640e+02
2.427707155410e+02
2.428724764910e+02
2.429706224150e+02
2.430694750700e+02
2.431759581190e+02
2.432643484470e+02
2.433641517710e+02
2.434762031240e+02
2.435648878550e+02
2.436649149130e+02
2.437645504510e+02
2.438745028020e+02
2.439740539940e+02
2.440651790740e+02
2.441644875300e+02
2.442800965250e+02
2.443666402120e+02
2.444689939170e+02
2.445696904840e+02
2.446642254120e+02
2.447649767610e+02
2.448653312700e+02
2.449655702360e+02
2.450644850740e+02
2.451659763870e+02
2.452648475750e+02
2.453653011080e+02
2.454821594740e+02
2.455719396000e+02
2.456684345510e+02
2.457668172620e+02
2.458685922500e+02
2.459659905090e+02
2.460703962040e+02
2.461823975000e+02
2.462697905770e+02
2.463734829930e+02
2.464687176180e+02
2.465656084230e+02
2.466712688560e+02
2.467702214730e+02
2.468617018880e+02
2.469930287940e+02
2.470730930030e+02
2.471848870180e+02
2.472720569570e+02
2.473672344380e+02
2.474685397570e+02
2.475801243760e+02
2.476703305660e+02
2.477767658540e+02
2.478623105300e+02
2.479707900990e+02
2.480751566340e+02
2.481700054800e+02
2.482703189170e+02
2.483713682850e+02
2.484816371590e+02
